0.999998 0.002000
0.999992 0.004000
0.999982 0.006000
0.999968 0.008000
0.999950 0.010000
0.999928 0.012000
0.999902 0.014000
0.999872 0.015999
0.999838 0.017999
0.999800 0.019999
0.999758 0.021998
0.999712 0.023998
0.999662 0.025997
0.999608 0.027996
0.999550 0.029996
0.999488 0.031995
0.999422 0.033993
0.999352 0.035992
0.999278 0.037991
0.999200 0.039989
0.999118 0.041988
0.999032 0.043986
0.998942 0.045984
0.998848 0.047982
0.998750 0.049979
0.998648 0.051977
0.998542 0.053974
0.998432 0.055971
0.998318 0.057968
0.998201 0.059964
0.998079 0.061960
0.997953 0.063956
0.997823 0.065952
0.997689 0.067948
0.997551 0.069943
0.997409 0.071938
0.997263 0.073933
0.997113 0.075927
0.996960 0.077921
0.996802 0.079915
0.996640 0.081908
0.996474 0.083901
0.996304 0.085894
0.996130 0.087887
0.995953 0.089879
0.995771 0.091870
0.995585 0.093862
0.995396 0.095853
0.995202 0.097843
0.995004 0.099833
0.994803 0.101823
0.994597 0.103813
0.994387 0.105802
0.994174 0.107790
0.993956 0.109778
0.993735 0.111766
0.993509 0.113753
0.993280 0.115740
0.993046 0.117726
0.992809 0.119712
0.992567 0.121698
0.992322 0.123683
0.992072 0.125667
0.991819 0.127651
0.991562 0.129634
0.991301 0.131617
0.991035 0.133599
0.990766 0.135581
0.990493 0.137562
0.990216 0.139543
0.989935 0.141523
0.989650 0.143503
0.989361 0.145482
0.989068 0.147460
0.988771 0.149438
0.988470 0.151415
0.988165 0.153392
0.987857 0.155368
0.987544 0.157344
0.987227 0.159318
0.986907 0.161292
0.986582 0.163266
0.986254 0.165239
0.985921 0.167211
0.985585 0.169182
0.985244 0.171153
0.984900 0.173123
0.984552 0.175093
0.984200 0.177062
0.983844 0.179030
0.983484 0.180997
0.983120 0.182964
0.982752 0.184930
0.982380 0.186895
0.982004 0.188859
0.981625 0.190823
0.981241 0.192786
0.980853 0.194748
0.980462 0.196709
0.980067 0.198669
0.979667 0.200629
0.979264 0.202588
0.978857 0.204546
0.978446 0.206504
0.978031 0.208460
0.977612 0.210416
0.977189 0.212370
0.976763 0.214324
0.976332 0.216278
0.975897 0.218230
0.975459 0.220181
0.975017 0.222132
0.974571 0.224081
0.974120 0.226030
0.973666 0.227978
0.973208 0.229925
0.972747 0.231871
0.972281 0.233816
0.971811 0.235760
0.971338 0.237703
0.970861 0.239645
0.970379 0.241586
0.969894 0.243527
0.969405 0.245466
0.968912 0.247404
0.968416 0.249341
0.967915 0.251278
0.967411 0.253213
0.966902 0.255147
0.966390 0.257081
0.965874 0.259013
0.965354 0.260944
0.964830 0.262874
0.964302 0.264804
0.963771 0.266732
0.963235 0.268659
0.962696 0.270585
0.962153 0.272509
0.961606 0.274433
0.961055 0.276356
0.960501 0.278277
0.959942 0.280198
0.959380 0.282117
0.958814 0.284035
0.958244 0.285952
0.957670 0.287868
0.957092 0.289783
0.956511 0.291697
0.955926 0.293609
0.955336 0.295520
0.954744 0.297430
0.954147 0.299339
0.953546 0.301247
0.952942 0.303154
0.952334 0.305059
0.951722 0.306963
0.951106 0.308866
0.950486 0.310767
0.949863 0.312668
0.949235 0.314567
0.948604 0.316465
0.947970 0.318361
0.947331 0.320256
0.946689 0.322151
0.946042 0.324043
0.945392 0.325935
0.944739 0.327825
0.944081 0.329714
0.943420 0.331601
0.942755 0.333487
0.942086 0.335372
0.941413 0.337256
0.940737 0.339138
0.940057 0.341019
0.939373 0.342898
0.938685 0.344776
0.937994 0.346653
0.937298 0.348528
0.936599 0.350402
0.935897 0.352274
0.935190 0.354146
0.934480 0.356015
0.933766 0.357883
0.933049 0.359750
0.932327 0.361616
0.931602 0.363480
0.930873 0.365342
0.930141 0.367203
0.929405 0.369063
0.928665 0.370921
0.927921 0.372777
0.927174 0.374632
0.926422 0.376486
0.925668 0.378338
0.924909 0.380189
0.924147 0.382038
0.923381 0.383885
0.922611 0.385731
0.921838 0.387576
0.921061 0.389419
0.920280 0.391260
0.919496 0.393100
0.918708 0.394938
0.917916 0.396775
0.917121 0.398610
0.916322 0.400443
0.915519 0.402275
0.914713 0.404105
0.913903 0.405934
0.913089 0.407761
0.912272 0.409586
0.911451 0.411410
0.910626 0.413232
0.909798 0.415052
0.908966 0.416871
0.908130 0.418688
0.907291 0.420504
0.906448 0.422317
0.905602 0.424129
0.904752 0.425940
0.903898 0.427748
0.903041 0.429555
0.902180 0.431361
0.901315 0.433164
0.900447 0.434966
0.899575 0.436766
0.898700 0.438564
0.897821 0.440361
0.896939 0.442155
0.896052 0.443948
0.895163 0.445740
0.894270 0.447529
0.893373 0.449317
0.892472 0.451103
0.891568 0.452887
0.890661 0.454669
0.889750 0.456449
0.888835 0.458228
0.887917 0.460005
0.886995 0.461779
0.886070 0.463553
0.885141 0.465324
0.884208 0.467093
0.883272 0.468861
0.882333 0.470626
0.881390 0.472390
0.880443 0.474152
0.879493 0.475912
0.878540 0.477670
0.877583 0.479426
0.876622 0.481180
0.875658 0.482932
0.874690 0.484683
0.873719 0.486431
0.872744 0.488178
0.871766 0.489922
0.870785 0.491665
0.869800 0.493405
0.868811 0.495144
0.867819 0.496880
0.866824 0.498615
0.865825 0.500348
0.864822 0.502078
0.863816 0.503807
0.862807 0.505534
0.861794 0.507258
0.860778 0.508981
0.859758 0.510701
0.858735 0.512420
0.857709 0.514136
0.856679 0.515851
0.855645 0.517563
0.854608 0.519273
0.853568 0.520981
0.852524 0.522688
0.851477 0.524392
0.850427 0.526093
0.849373 0.527793
0.848316 0.529491
0.847255 0.531187
0.846191 0.532880
0.845124 0.534571
0.844053 0.536260
0.842979 0.537948
0.841901 0.539632
0.840820 0.541315
0.839736 0.542996
0.838648 0.544674
0.837557 0.546350
0.836463 0.548024
0.835365 0.549696
0.834264 0.551366
0.833159 0.553033
0.832052 0.554698
0.830941 0.556361
0.829826 0.558022
0.828709 0.559681
0.827588 0.561337
0.826463 0.562991
0.825336 0.564643
0.824205 0.566292
0.823070 0.567940
0.821933 0.569585
0.820792 0.571227
0.819648 0.572868
0.818501 0.574506
0.817350 0.576142
0.816196 0.577775
0.815039 0.579407
0.813878 0.581036
0.812715 0.582662
0.811548 0.584286
0.810378 0.585908
0.809204 0.587528
0.808027 0.589145
0.806848 0.590760
0.805664 0.592373
0.804478 0.593983
0.803288 0.595590
0.802096 0.597196
0.800900 0.598799
0.799701 0.600399
0.798498 0.601998
0.797293 0.603593
0.796084 0.605187
0.794872 0.606778
0.793657 0.608366
0.792438 0.609952
0.791217 0.611536
0.789992 0.613117
0.788764 0.614696
0.787533 0.616272
0.786299 0.617846
0.785062 0.619418
0.783822 0.620986
0.782578 0.622553
0.781331 0.624117
0.780082 0.625678
0.778829 0.627237
0.777573 0.628793
0.776314 0.630347
0.775051 0.631899
0.773786 0.633448
0.772517 0.634994
0.771246 0.636538
0.769971 0.638079
0.768694 0.639617
0.767413 0.641154
0.766129 0.642687
0.764842 0.644218
0.763552 0.645747
0.762259 0.647272
0.760963 0.648796
0.759664 0.650316
0.758362 0.651834
0.757057 0.653350
0.755748 0.654862
0.754437 0.656373
0.753123 0.657880
0.751806 0.659385
0.750485 0.660887
0.749162 0.662387
0.747836 0.663884
0.746507 0.665378
0.745174 0.666870
0.743839 0.668359
0.742501 0.669845
0.741160 0.671329
0.739816 0.672810
0.738468 0.674288
0.737118 0.675764
0.735765 0.677237
0.734410 0.678707
0.733051 0.680174
0.731689 0.681639
0.730324 0.683101
0.728956 0.684560
0.727586 0.686017
0.726212 0.687471
0.724836 0.688922
0.723457 0.690370
0.722074 0.691816
0.720689 0.693258
0.719301 0.694698
0.717911 0.696136
0.716517 0.697570
0.715120 0.699002
0.713721 0.700431
0.712319 0.701857
0.710913 0.703280
0.709505 0.704700
0.708095 0.706118
0.706681 0.707533
0.705265 0.708945
0.703845 0.710354
0.702423 0.711760
0.700998 0.713163
0.699570 0.714564
0.698140 0.715962
0.696707 0.717357
0.695271 0.718749
0.693832 0.720138
0.692390 0.721524
0.690946 0.722907
0.689498 0.724288
0.688048 0.725665
0.686596 0.727040
0.685140 0.728412
0.683682 0.729780
0.682221 0.731146
0.680757 0.732509
0.679291 0.733869
0.677822 0.735226
0.676350 0.736581
0.674876 0.737932
0.673398 0.739280
0.671919 0.740625
0.670436 0.741968
0.668951 0.743307
0.667463 0.744644
0.665972 0.745977
0.664479 0.747307
0.662983 0.748635
0.661484 0.749959
0.659983 0.751281
0.658479 0.752599
0.656973 0.753915
0.655464 0.755227
0.653952 0.756537
0.652437 0.757843
0.650920 0.759146
0.649401 0.760447
0.647879 0.761744
0.646354 0.763038
0.644826 0.764329
0.643297 0.765618
0.641764 0.766903
0.640229 0.768185
0.638691 0.769464
0.637151 0.770739
0.635608 0.772012
0.634063 0.773282
0.632515 0.774548
0.630965 0.775812
0.629412 0.777072
0.627857 0.778330
0.626299 0.779584
0.624738 0.780835
0.623175 0.782083
0.621610 0.783327
0.620042 0.784569
0.618472 0.785808
0.616899 0.787043
0.615323 0.788275
0.613746 0.789504
0.612165 0.790730
0.610583 0.791953
0.608998 0.793172
0.607410 0.794389
0.605820 0.795602
0.604228 0.796812
0.602633 0.798019
0.601036 0.799223
0.599436 0.800423
0.597834 0.801620
0.596229 0.802815
0.594623 0.804005
0.593013 0.805193
0.591402 0.806377
0.589788 0.807559
0.588172 0.808737
0.586553 0.809911
0.584932 0.811083
0.583309 0.812251
0.581683 0.813416
0.580055 0.814578
0.578425 0.815736
0.576792 0.816891
0.575157 0.818043
0.573520 0.819192
0.571880 0.820338
0.570239 0.821480
0.568594 0.822618
0.566948 0.823754
0.565299 0.824886
0.563649 0.826015
0.561995 0.827141
0.560340 0.828263
0.558682 0.829382
0.557022 0.830498
0.555360 0.831610
0.553696 0.832719
0.552029 0.833825
0.550361 0.834927
0.548690 0.836027
0.547017 0.837122
0.545341 0.838215
0.543664 0.839304
0.541984 0.840389
0.540302 0.841472
0.538618 0.842550
0.536932 0.843626
0.535244 0.844698
0.533553 0.845767
0.531861 0.846832
0.530166 0.847894
0.528469 0.848953
0.526770 0.850008
0.525069 0.851060
0.523366 0.852109
0.521661 0.853154
0.519953 0.854195
0.518244 0.855233
0.516532 0.856268
0.514819 0.857300
0.513103 0.858327
0.511385 0.859352
0.509666 0.860373
0.507944 0.861391
0.506220 0.862405
0.504494 0.863416
0.502767 0.864423
0.501037 0.865427
0.499305 0.866427
0.497571 0.867424
0.495835 0.868417
0.494097 0.869407
0.492358 0.870394
0.490616 0.871377
0.488872 0.872356
0.487126 0.873332
0.485379 0.874305
0.483629 0.875274
0.481878 0.876239
0.480124 0.877201
0.478369 0.878160
0.476612 0.879115
0.474852 0.880066
0.473091 0.881014
0.471328 0.881958
0.469563 0.882899
0.467797 0.883837
0.466028 0.884770
0.464258 0.885701
0.462485 0.886628
0.460711 0.887551
0.458935 0.888470
0.457157 0.889386
0.455378 0.890299
0.453596 0.891208
0.451813 0.892113
0.450028 0.893015
0.448241 0.893913
0.446452 0.894808
0.444661 0.895699
0.442869 0.896587
0.441075 0.897471
0.439279 0.898351
0.437482 0.899228
0.435682 0.900101
0.433881 0.900971
0.432078 0.901837
0.430274 0.902699
0.428468 0.903558
0.426660 0.904413
0.424850 0.905264
0.423039 0.906112
0.421226 0.906956
0.419411 0.907797
0.417594 0.908634
0.415776 0.909467
0.413957 0.910297
0.412135 0.911123
0.410312 0.911946
0.408487 0.912765
0.406661 0.913580
0.404833 0.914391
0.403003 0.915199
0.401172 0.916003
0.399339 0.916804
0.397505 0.917601
0.395669 0.918394
0.393831 0.919183
0.391992 0.919969
0.390152 0.920751
0.388309 0.921530
0.386465 0.922304
0.384620 0.923076
0.382773 0.923843
0.380925 0.924607
0.379075 0.925367
0.377223 0.926123
0.375370 0.926876
0.373516 0.927624
0.371660 0.928370
0.369802 0.929111
0.367943 0.929849
0.366083 0.930583
0.364221 0.931313
0.362358 0.932040
0.360493 0.932763
0.358627 0.933482
0.356759 0.934197
0.354890 0.934909
0.353019 0.935617
0.351147 0.936321
0.349274 0.937021
0.347399 0.937718
0.345523 0.938411
0.343646 0.939100
0.341767 0.939785
0.339887 0.940467
0.338005 0.941145
0.336122 0.941819
0.334238 0.942489
0.332352 0.943156
0.330465 0.943819
0.328577 0.944478
0.326687 0.945133
0.324796 0.945785
0.322904 0.946432
0.321010 0.947076
0.319116 0.947716
0.317220 0.948353
0.315322 0.948985
0.313424 0.949614
0.311524 0.950239
0.309623 0.950860
0.307720 0.951477
0.305817 0.952091
0.303912 0.952701
0.302006 0.953307
0.300099 0.953909
0.298190 0.954507
0.296281 0.955102
0.294370 0.955692
0.292458 0.956279
0.290545 0.956862
0.288631 0.957441
0.286715 0.958017
0.284799 0.958588
0.282881 0.959156
0.280962 0.959720
0.279042 0.960280
0.277121 0.960836
0.275199 0.961388
0.273275 0.961937
0.271351 0.962481
0.269425 0.963022
0.267499 0.963559
