0.000100 -999.500000
0.000200 -999.500000
0.000300 -999.500001
0.000400 -999.500003
0.000500 -999.500007
0.000600 -999.500016
0.000700 -999.500029
0.000800 -999.500050
0.000900 -999.500081
0.001000 -999.500124
0.001100 -999.500181
0.001200 -999.500257
0.001300 -999.500355
0.001400 -999.500478
0.001500 -999.500630
0.001600 -999.500816
0.001700 -999.501041
0.001800 -999.501309
0.001900 -999.501626
0.002000 -999.501998
0.002100 -999.502430
0.002200 -999.502928
0.002300 -999.503500
0.002400 -999.504152
0.002500 -999.504891
0.002600 -999.505725
0.002700 -999.506661
0.002800 -999.507708
0.002900 -999.508875
0.003000 -999.510170
0.003100 -999.511602
0.003200 -999.513180
0.003300 -999.514916
0.003400 -999.516818
0.003500 -999.518897
0.003600 -999.521165
0.003700 -999.523632
0.003800 -999.526310
0.003900 -999.529210
0.004000 -999.532346
0.004100 -999.535729
0.004200 -999.539373
0.004300 -999.543291
0.004400 -999.547496
0.004500 -999.552004
0.004600 -999.556828
0.004700 -999.561982
0.004800 -999.567484
0.004900 -999.573347
0.005000 -999.579588
0.005100 -999.586223
0.005200 -999.593270
0.005300 -999.600745
0.005400 -999.608666
0.005500 -999.617051
0.005600 -999.625919
0.005700 -999.635288
0.005800 -999.645177
0.005900 -999.655607
0.006000 -999.666598
0.006100 -999.678170
0.006200 -999.690345
0.006300 -999.703143
0.006400 -999.716587
0.006500 -999.730700
0.006600 -999.745504
0.006700 -999.761023
0.006800 -999.777280
0.006900 -999.794300
0.007000 -999.812109
0.007100 -999.830731
0.007200 -999.850192
0.007300 -999.870519
0.007400 -999.891738
0.007500 -999.913878
0.007600 -999.936966
0.007700 -999.961032
0.007800 -999.986103
0.007900 -1000.012211
0.008000 -1000.039384
0.008100 -1000.067655
0.008200 -1000.097054
0.008300 -1000.127615
0.008400 -1000.159369
0.008500 -1000.192349
0.008600 -1000.226591
0.008700 -1000.262128
0.008800 -1000.298996
0.008900 -1000.337231
0.009000 -1000.376869
0.009100 -1000.417948
0.009200 -1000.460505
0.009300 -1000.504580
0.009400 -1000.550212
0.009500 -1000.597441
0.009600 -1000.646308
0.009700 -1000.696855
0.009800 -1000.749124
0.009900 -1000.803158
0.010000 -1000.859002
0.010100 -1000.916699
0.010200 -1000.976297
0.010300 -1001.037841
0.010400 -1001.101379
0.010500 -1001.166959
0.010600 -1001.234630
0.010700 -1001.304443
0.010800 -1001.376447
0.010900 -1001.450695
0.011000 -1001.527240
0.011100 -1001.606136
0.011200 -1001.687436
0.011300 -1001.771198
0.011400 -1001.857478
0.011500 -1001.946333
0.011600 -1002.037823
0.011700 -1002.132008
0.011800 -1002.228948
0.011900 -1002.328706
0.012000 -1002.431345
0.012100 -1002.536929
0.012200 -1002.645525
0.012300 -1002.757199
0.012400 -1002.872020
0.012500 -1002.990056
0.012600 -1003.111378
0.012700 -1003.236059
0.012800 -1003.364171
0.012900 -1003.495790
0.013000 -1003.630991
0.013100 -1003.769851
0.013200 -1003.912450
0.013300 -1004.058868
0.013400 -1004.209187
0.013500 -1004.363491
0.013600 -1004.521863
0.013700 -1004.684391
0.013800 -1004.851163
0.013900 -1005.022268
0.014000 -1005.197799
0.014100 -1005.377848
0.014200 -1005.562511
0.014300 -1005.751884
0.014400 -1005.946065
0.014500 -1006.145156
0.014600 -1006.349259
0.014700 -1006.558478
0.014800 -1006.772920
0.014900 -1006.992692
0.015000 -1007.217907
0.015100 -1007.448675
0.015200 -1007.685113
0.015300 -1007.927337
0.015400 -1008.175466
0.015500 -1008.429622
0.015600 -1008.689930
0.015700 -1008.956515
0.015800 -1009.229506
0.015900 -1009.509036
0.016000 -1009.795238
0.016100 -1010.088249
0.016200 -1010.388208
0.016300 -1010.695257
0.016400 -1011.009543
0.016500 -1011.331212
0.016600 -1011.660415
0.016700 -1011.997307
0.016800 -1012.342045
0.016900 -1012.694788
0.017000 -1013.055702
0.017100 -1013.424951
0.017200 -1013.802707
0.017300 -1014.189143
0.017400 -1014.584437
0.017500 -1014.988770
0.017600 -1015.402327
0.017700 -1015.825296
0.017800 -1016.257869
0.017900 -1016.700244
0.018000 -1017.152620
0.018100 -1017.615204
0.018200 -1018.088204
0.018300 -1018.571834
0.018400 -1019.066312
0.018500 -1019.571861
0.018600 -1020.088710
0.018700 -1020.617089
0.018800 -1021.157238
0.018900 -1021.709399
0.019000 -1022.273820
0.019100 -1022.850755
0.019200 -1023.440463
0.019300 -1024.043208
0.019400 -1024.659261
0.019500 -1025.288899
0.019600 -1025.932404
0.019700 -1026.590067
0.019800 -1027.262182
0.019900 -1027.949052
0.020000 -1028.650986
0.020100 -1029.368301
0.020200 -1030.101319
0.020300 -1030.850371
0.020400 -1031.615797
0.020500 -1032.397942
0.020600 -1033.197161
0.020700 -1034.013817
0.020800 -1034.848280
0.020900 -1035.700930
0.021000 -1036.572157
0.021100 -1037.462358
0.021200 -1038.371941
0.021300 -1039.301324
0.021400 -1040.250933
0.021500 -1041.221207
0.021600 -1042.212594
0.021700 -1043.225553
0.021800 -1044.260556
0.021900 -1045.318083
0.022000 -1046.398630
0.022100 -1047.502703
0.022200 -1048.630821
0.022300 -1049.783516
0.022400 -1050.961334
0.022500 -1052.164834
0.022600 -1053.394590
0.022700 -1054.651191
0.022800 -1055.935240
0.022900 -1057.247356
0.023000 -1058.588176
0.023100 -1059.958350
0.023200 -1061.358548
0.023300 -1062.789458
0.023400 -1064.251784
0.023500 -1065.746250
0.023600 -1067.273599
0.023700 -1068.834597
0.023800 -1070.430025
0.023900 -1072.060692
0.024000 -1073.727423
0.024100 -1075.431072
0.024200 -1077.172510
0.024300 -1078.952639
0.024400 -1080.772382
0.024500 -1082.632688
0.024600 -1084.534537
0.024700 -1086.478933
0.024800 -1088.466910
0.024900 -1090.499532
0.025000 -1092.577896
0.025100 -1094.703128
0.025200 -1096.876390
0.025300 -1099.098875
0.025400 -1101.371816
0.025500 -1103.696479
0.025600 -1106.074172
0.025700 -1108.506240
0.025800 -1110.994070
0.025900 -1113.539093
0.026000 -1116.142782
0.026100 -1118.806658
0.026200 -1121.532291
0.026300 -1124.321296
0.026400 -1127.175345
0.026500 -1130.096161
0.026600 -1133.085522
0.026700 -1136.145266
0.026800 -1139.277289
0.026900 -1142.483552
0.027000 -1145.766080
0.027100 -1149.126965
0.027200 -1152.568371
0.027300 -1156.092535
0.027400 -1159.701772
0.027500 -1163.398474
0.027600 -1167.185119
0.027700 -1171.064270
0.027800 -1175.038582
0.027900 -1179.110803
0.028000 -1183.283781
0.028100 -1187.560467
0.028200 -1191.943918
0.028300 -1196.437304
0.028400 -1201.043914
0.028500 -1205.767157
0.028600 -1210.610574
0.028700 -1215.577838
0.028800 -1220.672762
0.028900 -1225.899310
0.029000 -1231.261597
0.029100 -1236.763901
0.029200 -1242.410671
0.029300 -1248.206531
0.029400 -1254.156296
0.029500 -1260.264974
0.029600 -1266.537780
0.029700 -1272.980146
0.029800 -1279.597733
0.029900 -1286.396438
0.030000 -1293.382414
0.030100 -1300.562077
0.030200 -1307.942124
0.030300 -1315.529547
0.030400 -1323.331647
0.030500 -1331.356056
0.030600 -1339.610750
0.030700 -1348.104073
0.030800 -1356.844753
0.030900 -1365.841931
0.031000 -1375.105178
0.031100 -1384.644524
0.031200 -1394.470486
0.031300 -1404.594095
0.031400 -1415.026929
0.031500 -1425.781146
0.031600 -1436.869522
0.031700 -1448.305486
0.031800 -1460.103168
0.031900 -1472.277437
0.032000 -1484.843955
0.032100 -1497.819230
0.032200 -1511.220669
0.032300 -1525.066641
0.032400 -1539.376546
0.032500 -1554.170883
0.032600 -1569.471333
0.032700 -1585.300838
0.032800 -1601.683701
0.032900 -1618.645679
0.033000 -1636.214096
0.033100 -1654.417965
0.033200 -1673.288114
0.033300 -1692.857332
0.033400 -1713.160525
0.033500 -1734.234885
0.033600 -1756.120086
0.033700 -1778.858481
0.033800 -1802.495340
0.033900 -1827.079098
0.034000 -1852.661635
0.034100 -1879.298583
0.034200 -1907.049672
0.034300 -1935.979107
0.034400 -1966.155996
0.034500 -1997.654818
0.034600 -2030.555953
0.034700 -2064.946277
0.034800 -2100.919819
0.034900 -2138.578513
0.035000 -2178.033040
0.035100 -2219.403775
0.035200 -2262.821869
0.035300 -2308.430475
0.035400 -2356.386140
0.035500 -2406.860399
0.035600 -2460.041608
0.035700 -2516.137034
0.035800 -2575.375285
0.035900 -2638.009111
0.036000 -2704.318656
0.036100 -2774.615257
0.036200 -2849.245885
0.036300 -2928.598372
0.036400 -3013.107572
0.036500 -3103.262685
0.036600 -3199.615978
0.036700 -3302.793244
0.036800 -3413.506410
0.036900 -3532.568823
0.037000 -3660.913908
0.037100 -3799.618094
0.037200 -3949.929193
0.037300 -4113.301798
0.037400 -4291.441826
0.037500 -4486.363062
0.037600 -4700.459665
0.037700 -4936.600132
0.037800 -5198.250509
0.037900 -5489.638015
0.038000 -5815.971422
0.038100 -6183.742493
0.038200 -6601.145425
0.038300 -7078.671792
0.038400 -7629.972688
0.038500 -8273.138750
0.038600 -9032.653672
0.038700 -9942.471284
0.038800 -11051.042773
0.038900 -12429.888011
0.039000 -14188.963511
0.039100 -16505.915205
0.039200 -19685.882140
0.039300 -24294.465127
0.039400 -31481.200448
0.039500 -43800.452925
0.039600 -66329.332709
0.039700 -90073.518685
0.039800 -69696.189128
0.039900 -45735.904642
0.040000 -32551.220853
0.040100 -24947.631366
0.040200 -20119.578744
0.040300 -16812.510860
0.040400 -14416.099821
0.040500 -12604.294317
0.040600 -11188.772019
0.040700 -10053.708744
0.040800 -9124.157802
0.040900 -8349.563442
0.041000 -7694.623772
0.041100 -7133.960302
0.041200 -6648.870094
0.041300 -6225.271880
0.041400 -5852.364854
0.041500 -5521.727988
0.041600 -5226.700137
0.041700 -4961.944008
0.041800 -4723.133464
0.041900 -4506.725340
0.042000 -4309.790301
0.042100 -4129.885689
0.042200 -3964.958672
0.042300 -3813.271620
0.042400 -3673.343967
0.042500 -3543.906468
0.042600 -3423.864885
0.042700 -3312.270893
0.042800 -3208.298610
0.042900 -3111.225498
0.043000 -3020.416736
0.043100 -2935.312337
0.043200 -2855.416468
0.043300 -2780.288552
0.043400 -2709.535799
0.043500 -2642.806923
0.043600 -2579.786822
0.043700 -2520.192049
0.043800 -2463.766956
0.043900 -2410.280374
0.044000 -2359.522772
0.044100 -2311.303788
0.044200 -2265.450098
0.044300 -2221.803563
0.044400 -2180.219606
0.044500 -2140.565800
0.044600 -2102.720620
0.044700 -2066.572355
0.044800 -2032.018138
0.044900 -1998.963099
0.045000 -1967.319598
0.045100 -1937.006565
0.045200 -1907.948889
0.045300 -1880.076891
0.045400 -1853.325843
0.045500 -1827.635537
0.045600 -1802.949904
0.045700 -1779.216664
0.045800 -1756.387014
0.045900 -1734.415348
0.046000 -1713.259000
0.046100 -1692.878012
0.046200 -1673.234925
0.046300 -1654.294592
0.046400 -1636.023996
0.046500 -1618.392100
0.046600 -1601.369700
0.046700 -1584.929290
0.046800 -1569.044946
0.046900 -1553.692211
0.047000 -1538.847998
0.047100 -1524.490491
0.047200 -1510.599066
0.047300 -1497.154207
0.047400 -1484.137433
0.047500 -1471.531235
0.047600 -1459.319012
0.047700 -1447.485010
0.047800 -1436.014276
0.047900 -1424.892601
0.048000 -1414.106483
0.048100 -1403.643077
0.048200 -1393.490158
0.048300 -1383.636087
0.048400 -1374.069775
0.048500 -1364.780652
0.048600 -1355.758635
0.048700 -1346.994103
0.048800 -1338.477873
0.048900 -1330.201171
0.049000 -1322.155614
0.049100 -1314.333185
0.049200 -1306.726217
0.049300 -1299.327375
0.049400 -1292.129632
0.049500 -1285.126263
0.049600 -1278.310819
0.049700 -1271.677123
0.049800 -1265.219249
0.049900 -1258.931510
0.050000 -1252.808453
0.050100 -1246.844838
0.050200 -1241.035636
0.050300 -1235.376012
0.050400 -1229.861322
0.050500 -1224.487098
0.050600 -1219.249045
0.050700 -1214.143029
0.050800 -1209.165073
0.050900 -1204.311347
0.051000 -1199.578163
0.051100 -1194.961967
0.051200 -1190.459335
0.051300 -1186.066968
0.051400 -1181.781681
0.051500 -1177.600406
0.051600 -1173.520181
0.051700 -1169.538149
0.051800 -1165.651549
0.051900 -1161.857718
0.052000 -1158.154083
0.052100 -1154.538158
0.052200 -1151.007540
0.052300 -1147.559908
0.052400 -1144.193016
0.052500 -1140.904694
0.052600 -1137.692841
0.052700 -1134.555425
0.052800 -1131.490480
0.052900 -1128.496101
0.053000 -1125.570447
0.053100 -1122.711731
0.053200 -1119.918225
0.053300 -1117.188254
0.053400 -1114.520194
0.053500 -1111.912472
0.053600 -1109.363563
0.053700 -1106.871987
0.053800 -1104.436311
0.053900 -1102.055141
0.054000 -1099.727129
0.054100 -1097.450964
0.054200 -1095.225374
0.054300 -1093.049125
0.054400 -1090.921017
0.054500 -1088.839887
0.054600 -1086.804604
0.054700 -1084.814070
0.054800 -1082.867216
0.054900 -1080.963006
0.055000 -1079.100431
0.055100 -1077.278512
0.055200 -1075.496294
0.055300 -1073.752851
0.055400 -1072.047283
0.055500 -1070.378710
0.055600 -1068.746282
0.055700 -1067.149166
0.055800 -1065.586556
0.055900 -1064.057665
0.056000 -1062.561726
0.056100 -1061.097996
0.056200 -1059.665747
0.056300 -1058.264272
0.056400 -1056.892883
0.056500 -1055.550909
0.056600 -1054.237697
0.056700 -1052.952608
0.056800 -1051.695022
0.056900 -1050.464335
0.057000 -1049.259955
0.057100 -1048.081308
0.057200 -1046.927834
0.057300 -1045.798984
0.057400 -1044.694225
0.057500 -1043.613038
0.057600 -1042.554913
0.057700 -1041.519357
0.057800 -1040.505885
0.057900 -1039.514025
0.058000 -1038.543318
0.058100 -1037.593313
0.058200 -1036.663573
0.058300 -1035.753668
0.058400 -1034.863180
0.058500 -1033.991701
0.058600 -1033.138831
0.058700 -1032.304181
0.058800 -1031.487370
0.058900 -1030.688026
0.059000 -1029.905786
0.059100 -1029.140294
0.059200 -1028.391203
0.059300 -1027.658174
0.059400 -1026.940876
0.059500 -1026.238984
0.059600 -1025.552182
0.059700 -1024.880158
0.059800 -1024.222612
0.059900 -1023.579245
0.060000 -1022.949769
0.060100 -1022.333900
0.060200 -1021.731360
0.060300 -1021.141879
0.060400 -1020.565191
0.060500 -1020.001036
0.060600 -1019.449161
0.060700 -1018.909316
0.060800 -1018.381259
0.060900 -1017.864751
0.061000 -1017.359559
0.061100 -1016.865455
0.061200 -1016.382215
0.061300 -1015.909622
0.061400 -1015.447460
0.061500 -1014.995520
0.061600 -1014.553596
0.061700 -1014.121488
0.061800 -1013.698999
0.061900 -1013.285935
0.062000 -1012.882107
0.062100 -1012.487331
0.062200 -1012.101425
0.062300 -1011.724211
0.062400 -1011.355516
0.062500 -1010.995168
0.062600 -1010.643000
0.062700 -1010.298849
0.062800 -1009.962554
0.062900 -1009.633957
0.063000 -1009.312904
0.063100 -1008.999245
0.063200 -1008.692830
0.063300 -1008.393515
0.063400 -1008.101156
0.063500 -1007.815614
0.063600 -1007.536753
0.063700 -1007.264437
0.063800 -1006.998536
0.063900 -1006.738919
0.064000 -1006.485460
0.064100 -1006.238036
0.064200 -1005.996523
0.064300 -1005.760802
0.064400 -1005.530757
0.064500 -1005.306272
0.064600 -1005.087234
0.064700 -1004.873532
0.064800 -1004.665059
0.064900 -1004.461706
0.065000 -1004.263370
0.065100 -1004.069948
0.065200 -1003.881339
0.065300 -1003.697445
0.065400 -1003.518168
0.065500 -1003.343413
0.065600 -1003.173088
0.065700 -1003.007099
0.065800 -1002.845358
0.065900 -1002.687775
0.066000 -1002.534264
0.066100 -1002.384741
0.066200 -1002.239121
0.066300 -1002.097322
0.066400 -1001.959264
0.066500 -1001.824868
0.066600 -1001.694057
0.066700 -1001.566753
0.066800 -1001.442883
0.066900 -1001.322372
0.067000 -1001.205150
0.067100 -1001.091144
0.067200 -1000.980286
0.067300 -1000.872507
0.067400 -1000.767740
0.067500 -1000.665919
0.067600 -1000.566980
0.067700 -1000.470859
0.067800 -1000.377494
0.067900 -1000.286824
0.068000 -1000.198788
0.068100 -1000.113328
0.068200 -1000.030386
0.068300 -999.949904
0.068400 -999.871827
0.068500 -999.796100
0.068600 -999.722669
0.068700 -999.651481
0.068800 -999.582484
0.068900 -999.515628
0.069000 -999.450861
0.069100 -999.388135
0.069200 -999.327401
0.069300 -999.268612
0.069400 -999.211721
0.069500 -999.156683
0.069600 -999.103452
0.069700 -999.051984
0.069800 -999.002237
0.069900 -998.954167
0.070000 -998.907733
0.070100 -998.862893
0.070200 -998.819607
0.070300 -998.777836
0.070400 -998.737542
0.070500 -998.698685
0.070600 -998.661228
0.070700 -998.625135
0.070800 -998.590369
0.070900 -998.556896
0.071000 -998.524680
0.071100 -998.493688
0.071200 -998.463885
0.071300 -998.435239
0.071400 -998.407718
0.071500 -998.381290
0.071600 -998.355924
0.071700 -998.331590
0.071800 -998.308258
0.071900 -998.285898
0.072000 -998.264482
0.072100 -998.243982
0.072200 -998.224370
0.072300 -998.205618
0.072400 -998.187701
0.072500 -998.170592
0.072600 -998.154265
0.072700 -998.138697
0.072800 -998.123861
0.072900 -998.109735
0.073000 -998.096294
0.073100 -998.083516
0.073200 -998.071378
0.073300 -998.059858
0.073400 -998.048934
0.073500 -998.038584
0.073600 -998.028789
0.073700 -998.019528
0.073800 -998.010781
0.073900 -998.002529
0.074000 -997.994752
0.074100 -997.987432
0.074200 -997.980552
0.074300 -997.974092
0.074400 -997.968036
0.074500 -997.962367
0.074600 -997.957068
0.074700 -997.952124
0.074800 -997.947517
0.074900 -997.943234
0.075000 -997.939259
0.075100 -997.935578
0.075200 -997.932176
0.075300 -997.929039
0.075400 -997.926154
0.075500 -997.923508
0.075600 -997.921088
0.075700 -997.918882
0.075800 -997.916877
0.075900 -997.915063
0.076000 -997.913426
0.076100 -997.911958
0.076200 -997.910646
0.076300 -997.909481
0.076400 -997.908453
0.076500 -997.907552
0.076600 -997.906768
0.076700 -997.906093
0.076800 -997.905518
0.076900 -997.905035
0.077000 -997.904635
0.077100 -997.904311
0.077200 -997.904057
0.077300 -997.903863
0.077400 -997.903725
0.077500 -997.903635
0.077600 -997.903587
0.077700 -997.903576
0.077800 -997.903596
0.077900 -997.903642
0.078000 -997.903709
0.078100 -997.903793
0.078200 -997.903889
0.078300 -997.903993
0.078400 -997.904101
0.078500 -997.904211
0.078600 -997.904319
0.078700 -997.904423
0.078800 -997.904519
0.078900 -997.904606
0.079000 -997.904683
0.079100 -997.904747
0.079200 -997.904797
0.079300 -997.904832
0.079400 -997.904852
0.079500 -997.904855
0.079600 -997.904844
0.079700 -997.904816
0.079800 -997.904773
0.079900 -997.904716
0.080000 -997.904646
0.080100 -997.904564
0.080200 -997.904471
0.080300 -997.904371
0.080400 -997.904265
0.080500 -997.904156
0.080600 -997.904046
0.080700 -997.903939
0.080800 -997.903839
0.080900 -997.903749
0.081000 -997.903673
0.081100 -997.903616
0.081200 -997.903583
0.081300 -997.903578
0.081400 -997.903606
0.081500 -997.903675
0.081600 -997.903788
0.081700 -997.903954
0.081800 -997.904177
0.081900 -997.904466
0.082000 -997.904827
0.082100 -997.905268
0.082200 -997.905796
0.082300 -997.906421
0.082400 -997.907150
0.082500 -997.907992
0.082600 -997.908956
0.082700 -997.910052
0.082800 -997.911290
0.082900 -997.912679
0.083000 -997.914231
0.083100 -997.915956
0.083200 -997.917866
0.083300 -997.919971
0.083400 -997.922283
0.083500 -997.924816
0.083600 -997.927581
0.083700 -997.930591
0.083800 -997.933860
0.083900 -997.937402
0.084000 -997.941230
0.084100 -997.945358
0.084200 -997.949803
0.084300 -997.954578
0.084400 -997.959699
0.084500 -997.965183
0.084600 -997.971046
0.084700 -997.977303
0.084800 -997.983974
0.084900 -997.991074
0.085000 -997.998622
0.085100 -998.006637
0.085200 -998.015137
0.085300 -998.024141
0.085400 -998.033669
0.085500 -998.043742
0.085600 -998.054379
0.085700 -998.065601
0.085800 -998.077431
0.085900 -998.089890
0.086000 -998.103000
0.086100 -998.116784
0.086200 -998.131265
0.086300 -998.146468
0.086400 -998.162416
0.086500 -998.179135
0.086600 -998.196649
0.086700 -998.214984
0.086800 -998.234167
0.086900 -998.254225
0.087000 -998.275184
0.087100 -998.297073
0.087200 -998.319921
0.087300 -998.343755
0.087400 -998.368607
0.087500 -998.394505
0.087600 -998.421481
0.087700 -998.449567
0.087800 -998.478793
0.087900 -998.509192
0.088000 -998.540799
0.088100 -998.573646
0.088200 -998.607767
0.088300 -998.643199
0.088400 -998.679976
0.088500 -998.718136
0.088600 -998.757714
0.088700 -998.798750
0.088800 -998.841281
0.088900 -998.885346
0.089000 -998.930987
0.089100 -998.978242
0.089200 -999.027154
0.089300 -999.077765
0.089400 -999.130118
0.089500 -999.184256
0.089600 -999.240224
0.089700 -999.298068
0.089800 -999.357834
0.089900 -999.419568
0.090000 -999.483319
0.090100 -999.549135
0.090200 -999.617067
0.090300 -999.687164
0.090400 -999.759478
0.090500 -999.834062
0.090600 -999.910970
0.090700 -999.990254
0.090800 -1000.071972
0.090900 -1000.156179
0.091000 -1000.242933
0.091100 -1000.332292
0.091200 -1000.424316
0.091300 -1000.519065
0.091400 -1000.616602
0.091500 -1000.716988
0.091600 -1000.820289
0.091700 -1000.926569
0.091800 -1001.035896
0.091900 -1001.148335
0.092000 -1001.263957
0.092100 -1001.382832
0.092200 -1001.505030
0.092300 -1001.630625
0.092400 -1001.759692
0.092500 -1001.892304
0.092600 -1002.028540
0.092700 -1002.168477
0.092800 -1002.312196
0.092900 -1002.459778
0.093000 -1002.611305
0.093100 -1002.766862
0.093200 -1002.926534
0.093300 -1003.090410
0.093400 -1003.258578
0.093500 -1003.431130
0.093600 -1003.608157
0.093700 -1003.789754
0.093800 -1003.976018
0.093900 -1004.167045
0.094000 -1004.362937
0.094100 -1004.563794
0.094200 -1004.769720
0.094300 -1004.980821
0.094400 -1005.197205
0.094500 -1005.418981
0.094600 -1005.646260
0.094700 -1005.879158
0.094800 -1006.117789
0.094900 -1006.362273
0.095000 -1006.612730
0.095100 -1006.869284
0.095200 -1007.132060
0.095300 -1007.401185
0.095400 -1007.676790
0.095500 -1007.959009
0.095600 -1008.247977
0.095700 -1008.543832
0.095800 -1008.846716
0.095900 -1009.156772
0.096000 -1009.474147
0.096100 -1009.798992
0.096200 -1010.131458
0.096300 -1010.471702
0.096400 -1010.819882
0.096500 -1011.176161
0.096600 -1011.540705
0.096700 -1011.913682
0.096800 -1012.295264
0.096900 -1012.685628
0.097000 -1013.084954
0.097100 -1013.493423
0.097200 -1013.911225
0.097300 -1014.338549
0.097400 -1014.775590
0.097500 -1015.222548
0.097600 -1015.679626
0.097700 -1016.147031
0.097800 -1016.624975
0.097900 -1017.113675
0.098000 -1017.613351
0.098100 -1018.124231
0.098200 -1018.646543
0.098300 -1019.180525
0.098400 -1019.726416
0.098500 -1020.284463
0.098600 -1020.854916
0.098700 -1021.438034
0.098800 -1022.034078
0.098900 -1022.643316
0.099000 -1023.266024
0.099100 -1023.902481
0.099200 -1024.552974
0.099300 -1025.217796
0.099400 -1025.897246
0.099500 -1026.591632
0.099600 -1027.301266
0.099700 -1028.026470
0.099800 -1028.767570
0.099900 -1029.524903
0.100000 -1030.298811
