0.009999 -0.000094
0.019999 -0.000091
0.029999 -0.000086
0.039999 -0.000080
0.049999 -0.000072
0.059999 -0.000063
0.069999 -0.000052
0.079999 -0.000041
0.089999 -0.000030
0.099999 -0.000020
0.109999 -0.000010
0.119999 -0.000002
0.129999 0.000004
0.139999 0.000005
0.149999 0.000001
0.159999 -0.000012
0.169999 -0.000036
0.179999 -0.000078
0.189999 -0.000146
0.199999 -0.000254
0.209999 -0.000393
0.219999 -0.000463
0.229999 -0.000368
0.239999 -0.000231
0.249999 -0.000133
0.259999 -0.000072
0.269999 -0.000038
0.279999 -0.000021
0.289999 -0.000016
0.299999 -0.000020
0.309999 -0.000030
0.319999 -0.000044
0.329999 -0.000061
0.339999 -0.000078
0.349999 -0.000094
0.359999 -0.000107
0.369999 -0.000116
0.379999 -0.000118
0.389999 -0.000112
0.399999 -0.000096
0.409999 -0.000069
0.419999 -0.000032
0.429999 0.000015
0.439999 0.000068
0.449999 0.000120
0.459999 0.000161
0.469999 0.000172
0.479999 0.000124
0.489999 -0.000054
0.499999 -0.000446
0.509999 -0.000267
0.519999 0.000050
0.529999 0.000170
0.539999 0.000204
0.549999 0.000199
0.559999 0.000174
0.569999 0.000140
0.579999 0.000101
0.589999 0.000062
0.599999 0.000026
0.609999 -0.000007
0.619999 -0.000035
0.629999 -0.000058
0.639999 -0.000075
0.649999 -0.000087
0.659999 -0.000093
0.669999 -0.000094
0.679999 -0.000090
0.689999 -0.000083
0.699999 -0.000072
0.709999 -0.000059
0.719999 -0.000044
0.729999 -0.000028
0.739999 -0.000011
0.749999 0.000005
0.759999 0.000019
0.769999 0.000030
0.779999 0.000038
0.789999 0.000041
0.799999 0.000036
0.809999 0.000021
0.819999 -0.000009
0.829999 -0.000061
0.839999 -0.000150
0.849999 -0.000291
0.859999 -0.000449
0.869999 -0.000436
0.879999 -0.000274
0.889999 -0.000138
0.899999 -0.000054
0.909999 -0.000003
0.919999 0.000026
0.929999 0.000041
0.939999 0.000046
0.949999 0.000045
0.959999 0.000039
0.969999 0.000029
0.979999 0.000017
0.989999 0.000004
0.999999 -0.000011
1.009999 -0.000025
1.019999 -0.000039
1.029999 -0.000052
1.039999 -0.000064
1.049999 -0.000073
1.059999 -0.000081
1.069999 -0.000086
1.079999 -0.000088
1.089999 -0.000087
1.099999 -0.000083
1.109999 -0.000076
1.119999 -0.000065
1.129999 -0.000052
1.139999 -0.000036
1.149999 -0.000017
1.159999 0.000003
1.169999 0.000025
1.179999 0.000047
1.189999 0.000068
1.199999 0.000088
1.209999 0.000103
1.219999 0.000112
1.229999 0.000110
1.239999 0.000090
1.249999 0.000040
1.259999 -0.000066
1.269999 -0.000275
1.279999 -0.000495
1.289999 -0.000312
1.299999 -0.000089
1.309999 0.000022
1.319999 0.000068
1.329999 0.000075
1.339999 0.000059
1.349999 0.000027
1.359999 -0.000013
1.369999 -0.000055
1.379999 -0.000091
1.389999 -0.000117
1.399999 -0.000126
1.409999 -0.000116
1.419999 -0.000090
1.429999 -0.000051
1.439999 -0.000005
1.449999 0.000038
1.459999 0.000073
1.469999 0.000090
1.479999 0.000081
1.489999 0.000028
1.499999 -0.000104
