0.009990 0.000100
0.019990 0.000100
0.029990 0.000100
0.039990 0.000100
0.049990 0.000100
0.059990 0.000100
0.069990 0.000100
0.079990 0.000100
0.089990 0.000100
0.099990 0.000100
0.109990 0.000100
0.119990 0.000100
0.129990 0.000100
0.139990 0.000100
0.149990 0.000100
0.159990 0.000100
0.169990 0.000100
0.179990 0.000100
0.189990 0.000100
0.199990 0.000100
0.209990 0.000100
0.219990 0.000100
0.229990 0.000100
0.239990 0.000100
0.249990 0.000100
0.259990 0.000100
0.269990 0.000100
0.279990 0.000100
0.289990 0.000100
0.299990 0.000100
0.309990 0.000100
0.319990 0.000100
0.329990 0.000100
0.339990 0.000100
0.349990 0.000100
0.359990 0.000100
0.369990 0.000100
0.379990 0.000100
0.389990 0.000100
0.399990 0.000100
0.409990 0.000100
0.419990 0.000100
0.429990 0.000100
0.439990 0.000100
0.449990 0.000100
0.459990 0.000100
0.469990 0.000100
0.479990 0.000100
0.489990 0.000100
0.499990 0.000100
0.509990 0.000100
0.519990 0.000100
0.529990 0.000100
0.539990 0.000100
0.549990 0.000100
0.559990 0.000100
0.569990 0.000100
0.579990 0.000100
0.589990 0.000100
0.599990 0.000100
0.609990 0.000100
0.619990 0.000100
0.629990 0.000100
0.639990 0.000100
0.649990 0.000100
0.659990 0.000100
0.669990 0.000100
0.679990 0.000100
0.689990 0.000100
0.699990 0.000100
0.709990 0.000100
0.719990 0.000100
0.729990 0.000100
0.739990 0.000100
0.749990 0.000100
0.759990 0.000100
0.769990 0.000100
0.779990 0.000100
0.789990 0.000100
0.799990 0.000100
0.809990 0.000100
0.819990 0.000100
0.829990 0.000100
0.839990 0.000100
0.849990 0.000100
0.859990 0.000100
0.869990 0.000100
0.879990 0.000100
0.889990 0.000100
0.899990 0.000100
0.909990 0.000100
0.919990 0.000100
0.929990 0.000100
0.939990 0.000100
0.949990 0.000100
0.959990 0.000100
0.969990 0.000100
0.979990 0.000100
0.989990 0.000100
0.999990 0.000100
1.009990 0.000100
1.019990 0.000100
1.029990 0.000100
1.039990 0.000100
1.049990 0.000100
1.059990 0.000100
1.069990 0.000100
1.079990 0.000100
1.089990 0.000100
1.099990 0.000100
1.109990 0.000100
1.119990 0.000100
1.129990 0.000100
1.139990 0.000100
1.149990 0.000100
1.159990 0.000100
1.169990 0.000100
1.179990 0.000100
1.189990 0.000100
1.199990 0.000100
1.209990 0.000100
1.219990 0.000100
1.229990 0.000100
1.239990 0.000100
1.249990 0.000100
1.259990 0.000100
1.269990 0.000100
1.279990 0.000100
1.289990 0.000100
1.299990 0.000100
1.309990 0.000100
1.319990 0.000100
1.329990 0.000100
1.339990 0.000100
1.349990 0.000100
1.359990 0.000100
1.369990 0.000100
1.379990 0.000100
1.389990 0.000100
1.399990 0.000100
1.409990 0.000100
1.419990 0.000100
1.429990 0.000100
1.439990 0.000100
1.449990 0.000100
1.459990 0.000100
1.469990 0.000100
1.479990 0.000100
1.489990 0.000100
1.499990 0.000100
1.509990 0.000100
1.519990 0.000100
1.529990 0.000100
1.539990 0.000100
1.549990 0.000100
1.559990 0.000100
1.569990 0.000100
1.579990 0.000100
1.589990 0.000100
1.599990 0.000100
1.609990 0.000100
1.619990 0.000100
1.629990 0.000100
1.639990 0.000100
1.649990 0.000100
1.659990 0.000100
1.669990 0.000100
1.679990 0.000100
1.689990 0.000100
1.699990 0.000100
1.709990 0.000100
1.719990 0.000100
1.729990 0.000100
1.739990 0.000100
1.749990 0.000100
1.759990 0.000100
1.769990 0.000100
1.779990 0.000100
1.789990 0.000100
1.799990 0.000100
1.809990 0.000100
1.819990 0.000100
1.829990 0.000100
1.839990 0.000100
1.849990 0.000100
1.859990 0.000100
1.869990 0.000100
1.879990 0.000100
1.889990 0.000100
1.899990 0.000100
1.909990 0.000100
1.919990 0.000100
1.929990 0.000100
1.939990 0.000100
1.949990 0.000100
1.959990 0.000100
1.969990 0.000100
1.979990 0.000100
1.989990 0.000100
1.999990 0.000100
