0.999500 0.009997
0.998000 0.019986
0.995501 0.029954
0.992001 0.039892
0.987503 0.049790
0.982006 0.059638
0.975511 0.069425
0.968018 0.079141
0.959529 0.088776
0.950044 0.098318
0.939564 0.107757
0.928091 0.117083
0.915625 0.126283
0.902169 0.135347
0.887724 0.144262
0.872292 0.153017
0.855876 0.161599
0.838476 0.169996
0.820097 0.178193
0.800740 0.186179
0.780409 0.193937
0.759108 0.201455
0.736840 0.208716
0.713611 0.215705
0.689424 0.222404
0.664285 0.228796
0.638201 0.234862
0.611179 0.240582
0.583226 0.245937
0.554352 0.250902
0.524567 0.255456
0.493883 0.259571
0.462314 0.263221
0.429876 0.266375
0.396589 0.269003
0.362474 0.271070
0.327559 0.272537
0.291876 0.273364
0.255463 0.273507
0.218369 0.272920
0.180651 0.271551
0.142381 0.269350
0.103645 0.266265
0.064547 0.262249
0.025213 0.257263
-0.014219 0.251283
-0.053593 0.244308
-0.092754 0.236357
-0.131551 0.227478
-0.169849 0.217733
-0.207534 0.207201
-0.244512 0.195962
-0.280712 0.184097
-0.316077 0.171683
-0.350564 0.158792
-0.384140 0.145487
-0.416782 0.131827
-0.448471 0.117866
-0.479193 0.103650
-0.508937 0.089222
-0.537697 0.074622
-0.565467 0.059883
-0.592242 0.045040
-0.618020 0.030120
-0.642800 0.015151
-0.666580 0.000158
-0.689359 -0.014835
-0.711139 -0.029806
-0.731920 -0.044736
-0.751703 -0.059604
-0.770489 -0.074394
-0.788280 -0.089088
-0.805077 -0.103670
-0.820882 -0.118123
-0.835698 -0.132435
-0.849525 -0.146590
-0.862368 -0.160575
-0.874227 -0.174377
-0.885105 -0.187983
-0.895006 -0.201382
-0.903930 -0.214561
-0.911882 -0.227510
-0.918864 -0.240216
-0.924878 -0.252669
-0.929927 -0.264859
-0.934015 -0.276775
-0.937143 -0.288407
-0.939316 -0.299744
-0.940537 -0.310778
-0.940808 -0.321498
-0.940132 -0.331895
-0.938514 -0.341958
-0.935956 -0.351680
-0.932462 -0.361049
-0.928036 -0.370058
-0.922680 -0.378696
-0.916400 -0.386955
-0.909198 -0.394824
-0.901079 -0.402295
-0.892047 -0.409359
-0.882106 -0.416005
-0.871261 -0.422225
-0.859516 -0.428009
-0.846875 -0.433347
-0.833345 -0.438229
-0.818929 -0.442646
-0.803634 -0.446588
-0.787464 -0.450043
-0.770427 -0.453003
-0.752527 -0.455455
-0.733772 -0.457390
-0.714168 -0.458796
-0.693723 -0.459661
-0.672445 -0.459974
-0.650341 -0.459722
-0.627421 -0.458893
-0.603693 -0.457474
-0.579169 -0.455450
-0.553858 -0.452809
-0.527774 -0.449534
-0.500928 -0.445611
-0.473335 -0.441023
-0.445011 -0.435754
-0.415972 -0.429784
-0.386238 -0.423096
-0.355830 -0.415670
-0.324773 -0.407483
-0.293092 -0.398515
-0.260819 -0.388741
-0.227989 -0.378136
-0.194644 -0.366675
-0.160830 -0.354330
-0.126604 -0.341075
-0.092030 -0.326883
-0.057187 -0.311728
-0.022165 -0.295591
0.012931 -0.278457
0.047979 -0.260326
0.082845 -0.241213
0.117386 -0.221156
0.151459 -0.200218
0.184931 -0.178485
0.217685 -0.156057
0.249628 -0.133047
0.280690 -0.109565
0.310823 -0.085720
0.339992 -0.061608
0.368178 -0.037316
0.395370 -0.012923
0.421562 0.011503
