-0.997501 0.009991
-0.990015 0.019932
-0.977571 0.029774
-0.960221 0.039467
-0.938036 0.048960
-0.911111 0.058207
-0.879556 0.067157
-0.843506 0.075764
-0.803115 0.083981
-0.758559 0.091763
-0.710034 0.099064
-0.657757 0.105842
-0.601966 0.112054
-0.542920 0.117660
-0.480900 0.122621
-0.416208 0.126901
-0.349169 0.130464
-0.280127 0.133279
-0.209449 0.135315
-0.137526 0.136545
-0.064768 0.136945
0.008391 0.136494
0.081495 0.135174
0.154065 0.132972
0.225599 0.129878
0.295574 0.125889
0.363445 0.121004
0.428641 0.115230
0.490572 0.108579
0.548626 0.101071
0.602171 0.092733
0.650554 0.083602
0.693105 0.073722
0.729142 0.063151
0.757969 0.051956
0.778888 0.040220
0.791204 0.028042
0.794238 0.015536
0.787348 0.002837
0.769945 -0.009897
0.741541 -0.022488
0.701786 -0.034732
0.650536 -0.046405
0.587934 -0.057265
0.514483 -0.067066
0.431119 -0.075572
0.339223 -0.082582
0.240568 -0.087947
0.137183 -0.091585
0.031180 -0.093486
-0.075404 -0.093698
-0.180723 -0.092315
-0.283181 -0.089461
-0.381441 -0.085274
-0.474418 -0.079902
-0.561248 -0.073491
-0.641259 -0.066186
-0.713947 -0.058123
-0.778947 -0.049432
-0.836011 -0.040237
-0.884992 -0.030652
-0.925828 -0.020783
-0.958528 -0.010732
-0.983163 -0.000589
-0.999857 0.009558
-1.008779 0.019632
-1.010138 0.029560
-1.004173 0.039273
-0.991157 0.048711
-0.971384 0.057817
-0.945171 0.066540
-0.912855 0.074834
-0.874786 0.082657
-0.831330 0.089970
-0.782863 0.096742
-0.729769 0.102942
-0.672444 0.108545
-0.611286 0.113531
-0.546700 0.117879
-0.479094 0.121577
-0.408875 0.124612
-0.336457 0.126976
-0.262248 0.128666
-0.186659 0.129678
-0.110096 0.130015
-0.032963 0.129679
0.044339 0.128678
0.121416 0.127021
0.197878 0.124720
0.273341 0.121789
0.347430 0.118246
0.419778 0.114111
0.490025 0.109405
0.557823 0.104151
0.622832 0.098377
0.684725 0.092111
0.743187 0.085383
0.797914 0.078226
0.848618 0.070675
0.895023 0.062766
0.936870 0.054537
0.973915 0.046029
1.005932 0.037283
1.032712 0.028343
1.054066 0.019255
1.069825 0.010064
1.079839 0.000819
1.083982 -0.008430
1.082152 -0.017632
1.074270 -0.026736
1.060284 -0.035688
1.040169 -0.044433
1.013929 -0.052916
0.981600 -0.061082
0.943250 -0.068872
0.898982 -0.076230
0.848934 -0.083098
0.793285 -0.089417
0.732257 -0.095130
0.666115 -0.100177
0.595174 -0.104502
0.519798 -0.108048
0.440410 -0.110759
0.357492 -0.112581
0.271592 -0.113462
0.183327 -0.113353
0.093394 -0.112209
0.002573 -0.109989
-0.088266 -0.106657
-0.178154 -0.102187
-0.266015 -0.096561
-0.350662 -0.089773
-0.430794 -0.081833
-0.504997 -0.072771
-0.571759 -0.062639
-0.629499 -0.051523
-0.676628 -0.039541
-0.711637 -0.026853
-0.733236 -0.013661
-0.740503 -0.000203
-0.733034 0.013259
-0.711014 0.026458
-0.675200 0.039145
-0.626807 0.051105
-0.567346 0.062165
-0.498471 0.072197
-0.421862 0.081113
-0.339140 0.088856
-0.251824 0.095402
-0.161316 0.100742
