0.009999 -0.000010
0.019999 -0.000010
0.029999 -0.000010
0.039999 -0.000010
0.049999 -0.000010
0.059999 -0.000010
0.069999 -0.000010
0.079999 -0.000010
0.089999 -0.000010
0.099999 -0.000010
0.109999 -0.000010
0.119999 -0.000010
0.129999 -0.000010
0.139999 -0.000010
0.149999 -0.000010
0.159999 -0.000010
0.169999 -0.000010
0.179999 -0.000010
0.189999 -0.000010
0.199999 -0.000010
0.209999 -0.000010
0.219999 -0.000010
0.229999 -0.000010
0.239999 -0.000010
0.249999 -0.000010
0.259999 -0.000010
0.269999 -0.000010
0.279999 -0.000010
0.289999 -0.000010
0.299999 -0.000010
0.309999 -0.000010
0.319999 -0.000010
0.329999 -0.000010
0.339999 -0.000010
0.349999 -0.000010
0.359999 -0.000010
0.369999 -0.000010
0.379999 -0.000010
0.389999 -0.000010
0.399999 -0.000010
0.409999 -0.000010
0.419999 -0.000010
0.429999 -0.000010
0.439999 -0.000010
0.449999 -0.000010
0.459999 -0.000010
0.469999 -0.000010
0.479999 -0.000010
0.489999 -0.000010
0.499999 -0.000010
0.509999 -0.000010
0.519999 -0.000010
0.529999 -0.000010
0.539999 -0.000010
0.549999 -0.000010
0.559999 -0.000010
0.569999 -0.000010
0.579999 -0.000010
0.589999 -0.000010
0.599999 -0.000010
0.609999 -0.000010
0.619999 -0.000010
0.629999 -0.000010
0.639999 -0.000010
0.649999 -0.000010
0.659999 -0.000010
0.669999 -0.000010
0.679999 -0.000010
0.689999 -0.000010
0.699999 -0.000010
0.709999 -0.000010
0.719999 -0.000010
0.729999 -0.000010
0.739999 -0.000010
0.749999 -0.000010
0.759999 -0.000010
0.769999 -0.000010
0.779999 -0.000010
0.789999 -0.000010
0.799999 -0.000010
0.809999 -0.000010
0.819999 -0.000010
0.829999 -0.000010
0.839999 -0.000010
0.849999 -0.000010
0.859999 -0.000010
0.869999 -0.000010
0.879999 -0.000010
0.889999 -0.000010
0.899999 -0.000010
0.909999 -0.000010
0.919999 -0.000010
0.929999 -0.000010
0.939999 -0.000010
0.949999 -0.000010
0.959999 -0.000010
0.969999 -0.000010
0.979999 -0.000010
0.989999 -0.000010
0.999999 -0.000010
1.009999 -0.000010
1.019999 -0.000010
1.029999 -0.000010
1.039999 -0.000010
1.049999 -0.000010
1.059999 -0.000010
1.069999 -0.000010
1.079999 -0.000010
1.089999 -0.000010
1.099999 -0.000010
1.109999 -0.000010
1.119999 -0.000010
1.129999 -0.000010
1.139999 -0.000010
1.149999 -0.000010
1.159999 -0.000010
1.169999 -0.000010
1.179999 -0.000010
1.189999 -0.000010
1.199999 -0.000010
1.209999 -0.000010
1.219999 -0.000010
1.229999 -0.000010
1.239999 -0.000010
1.249999 -0.000010
1.259999 -0.000010
1.269999 -0.000010
1.279999 -0.000010
1.289999 -0.000010
1.299999 -0.000010
1.309999 -0.000010
1.319999 -0.000010
1.329999 -0.000010
1.339999 -0.000010
1.349999 -0.000010
1.359999 -0.000010
1.369999 -0.000010
1.379999 -0.000010
1.389999 -0.000010
1.399999 -0.000010
1.409999 -0.000010
1.419999 -0.000010
1.429999 -0.000010
1.439999 -0.000010
1.449999 -0.000010
1.459999 -0.000010
1.469999 -0.000010
1.479999 -0.000010
1.489999 -0.000010
1.499999 -0.000010
