0.009990 -0.000950
0.019990 -0.000950
0.029990 -0.000950
0.039990 -0.000950
0.049990 -0.000950
0.059990 -0.000950
0.069990 -0.000951
0.079990 -0.000951
0.089990 -0.000951
0.099990 -0.000952
0.109990 -0.000953
0.119990 -0.000954
0.129990 -0.000956
0.139990 -0.000958
0.149990 -0.000961
0.159990 -0.000965
0.169990 -0.000969
0.179990 -0.000974
0.189990 -0.000981
0.199990 -0.000988
0.209990 -0.000998
0.219990 -0.001009
0.229990 -0.001022
0.239990 -0.001037
0.249990 -0.001055
0.259990 -0.001076
0.269990 -0.001101
0.279990 -0.001129
0.289990 -0.001163
0.299990 -0.001202
0.309990 -0.001247
0.319990 -0.001300
0.329990 -0.001362
0.339990 -0.001433
0.349990 -0.001516
0.359990 -0.001612
0.369990 -0.001723
0.379990 -0.001850
0.389990 -0.001996
0.399990 -0.002160
0.409990 -0.002342
0.419990 -0.002537
0.429990 -0.002735
0.439990 -0.002923
0.449990 -0.003077
0.459990 -0.003175
0.469990 -0.003198
0.479990 -0.003143
0.489990 -0.003018
0.499990 -0.002848
0.509990 -0.002653
0.519990 -0.002455
0.529990 -0.002265
0.539990 -0.002090
0.549990 -0.001933
0.559990 -0.001795
0.569990 -0.001675
0.579990 -0.001570
0.589990 -0.001480
0.599990 -0.001402
0.609990 -0.001335
0.619990 -0.001277
0.629990 -0.001228
0.639990 -0.001185
0.649990 -0.001148
0.659990 -0.001117
0.669990 -0.001090
0.679990 -0.001067
0.689990 -0.001047
0.699990 -0.001030
0.709990 -0.001016
0.719990 -0.001004
0.729990 -0.000994
0.739990 -0.000985
0.749990 -0.000978
0.759990 -0.000972
0.769990 -0.000967
0.779990 -0.000963
0.789990 -0.000960
0.799990 -0.000957
0.809990 -0.000955
0.819990 -0.000954
0.829990 -0.000953
0.839990 -0.000952
0.849990 -0.000951
0.859990 -0.000951
0.869990 -0.000950
0.879990 -0.000950
0.889990 -0.000950
0.899990 -0.000950
0.909990 -0.000950
0.919990 -0.000950
0.929990 -0.000950
0.939990 -0.000950
0.949990 -0.000950
0.959990 -0.000950
0.969990 -0.000950
0.979990 -0.000950
0.989990 -0.000950
0.999990 -0.000950
1.009990 -0.000951
1.019990 -0.000951
1.029990 -0.000952
1.039990 -0.000952
1.049990 -0.000954
1.059990 -0.000955
1.069990 -0.000957
1.079990 -0.000960
1.089990 -0.000963
1.099990 -0.000966
1.109990 -0.000971
1.119990 -0.000977
1.129990 -0.000984
1.139990 -0.000992
1.149990 -0.001002
1.159990 -0.001014
1.169990 -0.001028
1.179990 -0.001044
1.189990 -0.001063
1.199990 -0.001086
1.209990 -0.001112
1.219990 -0.001143
1.229990 -0.001178
1.239990 -0.001220
1.249990 -0.001268
1.259990 -0.001325
1.269990 -0.001390
1.279990 -0.001466
1.289990 -0.001554
1.299990 -0.001656
1.309990 -0.001774
1.319990 -0.001909
1.329990 -0.002062
1.339990 -0.002234
1.349990 -0.002422
1.359990 -0.002620
1.369990 -0.002816
1.379990 -0.002992
1.389990 -0.003126
1.399990 -0.003194
1.409990 -0.003184
1.419990 -0.003098
1.429990 -0.002952
1.439990 -0.002768
1.449990 -0.002570
1.459990 -0.002374
1.469990 -0.002190
1.479990 -0.002022
1.489990 -0.001874
1.499990 -0.001743
1.509990 -0.001629
1.519990 -0.001531
1.529990 -0.001446
1.539990 -0.001373
1.549990 -0.001310
1.559990 -0.001256
1.569990 -0.001209
1.579990 -0.001169
1.589990 -0.001135
1.599990 -0.001105
1.609990 -0.001080
1.619990 -0.001058
1.629990 -0.001040
1.639990 -0.001024
1.649990 -0.001011
1.659990 -0.000999
1.669990 -0.000990
1.679990 -0.000982
1.689990 -0.000975
1.699990 -0.000970
1.709990 -0.000965
1.719990 -0.000962
1.729990 -0.000959
1.739990 -0.000957
1.749990 -0.000955
1.759990 -0.000953
1.769990 -0.000952
1.779990 -0.000951
1.789990 -0.000951
1.799990 -0.000951
1.809990 -0.000950
1.819990 -0.000950
1.829990 -0.000950
1.839990 -0.000950
1.849990 -0.000950
1.859990 -0.000950
1.869990 -0.000950
1.879990 -0.000950
1.889990 -0.000950
1.899990 -0.000950
1.909990 -0.000950
1.919990 -0.000950
1.929990 -0.000950
1.939990 -0.000950
1.949990 -0.000951
1.959990 -0.000951
1.969990 -0.000952
1.979990 -0.000953
1.989990 -0.000954
1.999990 -0.000956
