-0.014138 0.000000
-0.014102 0.001415
-0.013994 0.002837
-0.013812 0.004272
-0.013551 0.005729
-0.013207 0.007215
-0.012773 0.008738
-0.012238 0.010308
-0.011590 0.011934
-0.010814 0.013627
-0.009889 0.015402
-0.008791 0.017272
-0.007486 0.019256
-0.005934 0.021374
-0.004079 0.023651
-0.001852 0.026118
0.000842 0.028813
0.004129 0.031782
0.008185 0.035084
0.013253 0.038794
0.019684 0.043011
0.027992 0.047863
0.038959 0.053523
0.053810 0.060225
0.074548 0.068287
0.104602 0.078140
0.150151 0.090330
0.222978 0.105408
0.346589 0.123223
0.567063 0.139727
0.946731 0.134953
1.377114 0.057311
1.322320 -0.077321
0.871033 -0.139144
0.520361 -0.137540
0.320653 -0.120112
0.208033 -0.102657
0.141006 -0.088091
0.098682 -0.076336
0.070528 -0.066820
0.050969 -0.059013
0.036884 -0.052506
0.026435 -0.046996
0.018488 -0.042261
0.012317 -0.038138
0.007440 -0.034502
0.003528 -0.031261
0.000351 -0.028342
-0.002256 -0.025689
-0.004415 -0.023256
-0.006214 -0.021007
-0.007722 -0.018913
-0.008989 -0.016950
-0.010056 -0.015097
-0.010954 -0.013337
-0.011708 -0.011656
-0.012335 -0.010040
-0.012853 -0.008479
-0.013271 -0.006963
-0.013601 -0.005483
-0.013848 -0.004030
-0.014017 -0.002597
-0.014113 -0.001177
