0.999998 0.002000
0.999992 0.004000
0.999982 0.006000
0.999968 0.008000
0.999950 0.010000
0.999928 0.012000
0.999902 0.014000
0.999872 0.015999
0.999838 0.017999
0.999800 0.019999
0.999758 0.021998
0.999712 0.023998
0.999662 0.025997
0.999608 0.027996
0.999550 0.029996
0.999488 0.031995
0.999422 0.033993
0.999352 0.035992
0.999278 0.037991
0.999200 0.039989
0.999118 0.041988
0.999032 0.043986
0.998942 0.045984
0.998848 0.047982
0.998750 0.049979
0.998648 0.051977
0.998542 0.053974
0.998432 0.055971
0.998318 0.057968
0.998201 0.059964
0.998079 0.061960
0.997953 0.063956
0.997823 0.065952
0.997689 0.067948
0.997551 0.069943
0.997409 0.071938
0.997263 0.073933
0.997113 0.075927
0.996960 0.077921
0.996802 0.079915
0.996640 0.081908
0.996474 0.083901
0.996304 0.085894
0.996130 0.087887
0.995953 0.089879
0.995771 0.091870
0.995585 0.093862
0.995396 0.095853
0.995202 0.097843
0.995004 0.099833
0.994803 0.101823
0.994597 0.103813
0.994387 0.105802
0.994174 0.107790
0.993956 0.109778
0.993735 0.111766
0.993509 0.113753
0.993280 0.115740
0.993046 0.117726
0.992809 0.119712
0.992567 0.121698
0.992322 0.123683
0.992072 0.125667
0.991819 0.127651
0.991562 0.129634
0.991301 0.131617
0.991035 0.133599
0.990766 0.135581
0.990493 0.137562
0.990216 0.139543
0.989935 0.141523
0.989650 0.143503
0.989361 0.145482
0.989068 0.147460
0.988771 0.149438
0.988470 0.151415
0.988165 0.153392
0.987857 0.155368
0.987544 0.157344
0.987227 0.159318
0.986907 0.161292
0.986582 0.163266
0.986254 0.165239
0.985921 0.167211
0.985585 0.169182
0.985244 0.171153
0.984900 0.173123
0.984552 0.175093
0.984200 0.177062
0.983844 0.179030
0.983484 0.180997
0.983120 0.182964
0.982752 0.184930
0.982380 0.186895
0.982004 0.188859
0.981625 0.190823
0.981241 0.192786
0.980853 0.194748
0.980462 0.196709
0.980067 0.198669
0.979667 0.200629
0.979264 0.202588
0.978857 0.204546
0.978446 0.206504
0.978031 0.208460
0.977612 0.210416
0.977189 0.212370
0.976763 0.214324
0.976332 0.216278
0.975897 0.218230
0.975459 0.220181
0.975017 0.222132
0.974571 0.224081
0.974120 0.226030
0.973666 0.227978
0.973208 0.229925
0.972747 0.231871
0.972281 0.233816
0.971811 0.235760
0.971338 0.237703
0.970861 0.239645
0.970379 0.241586
0.969894 0.243527
0.969405 0.245466
0.968912 0.247404
0.968416 0.249341
0.967915 0.251278
0.967411 0.253213
0.966902 0.255147
0.966390 0.257081
0.965874 0.259013
0.965354 0.260944
0.964830 0.262874
0.964302 0.264804
0.963771 0.266732
0.963235 0.268659
0.962696 0.270585
0.962153 0.272509
0.961606 0.274433
0.961055 0.276356
0.960501 0.278277
0.959942 0.280198
0.959380 0.282117
0.958814 0.284035
0.958244 0.285952
0.957670 0.287868
0.957092 0.289783
0.956511 0.291697
0.955926 0.293609
0.955336 0.295520
0.954744 0.297430
0.954147 0.299339
0.953546 0.301247
0.952942 0.303154
0.952334 0.305059
0.951722 0.306963
0.951106 0.308866
0.950486 0.310767
0.949863 0.312668
0.949235 0.314567
0.948604 0.316465
0.947970 0.318361
0.947331 0.320256
0.946689 0.322151
0.946042 0.324043
0.945392 0.325935
0.944739 0.327825
0.944081 0.329714
0.943420 0.331601
0.942755 0.333487
0.942086 0.335372
0.941413 0.337256
0.940737 0.339138
0.940057 0.341019
0.939373 0.342898
0.938685 0.344776
0.937994 0.346653
0.937298 0.348528
0.936599 0.350402
0.935897 0.352274
0.935190 0.354146
0.934480 0.356015
0.933766 0.357883
0.933049 0.359750
0.932327 0.361616
0.931602 0.363480
0.930873 0.365342
0.930141 0.367203
0.929405 0.369063
0.928665 0.370921
0.927921 0.372777
0.927174 0.374632
0.926422 0.376486
0.925668 0.378338
0.924909 0.380189
0.924147 0.382038
0.923381 0.383885
0.922611 0.385731
0.921838 0.387576
0.921061 0.389419
0.920280 0.391260
0.919496 0.393100
0.918708 0.394938
0.917916 0.396775
0.917121 0.398610
0.916322 0.400443
0.915519 0.402275
0.914713 0.404105
0.913903 0.405934
0.913089 0.407761
0.912272 0.409586
0.911451 0.411410
0.910626 0.413232
0.909798 0.415052
0.908966 0.416871
0.908130 0.418688
0.907291 0.420504
0.906448 0.422317
0.905602 0.424129
0.904752 0.425940
0.903898 0.427748
0.903041 0.429555
0.902180 0.431361
0.901315 0.433164
0.900447 0.434966
0.899575 0.436766
0.898700 0.438564
0.897821 0.440361
0.896939 0.442155
0.896052 0.443948
0.895163 0.445740
0.894270 0.447529
0.893373 0.449317
0.892472 0.451103
0.891568 0.452887
0.890661 0.454669
0.889750 0.456449
0.888835 0.458228
0.887917 0.460005
0.886995 0.461779
0.886070 0.463553
0.885141 0.465324
0.884208 0.467093
0.883272 0.468861
0.882333 0.470626
0.881390 0.472390
0.880443 0.474152
0.879493 0.475912
0.878540 0.477670
0.877583 0.479426
0.876622 0.481180
0.875658 0.482932
0.874690 0.484683
0.873719 0.486431
0.872744 0.488178
0.871766 0.489922
0.870785 0.491665
0.869800 0.493405
0.868811 0.495144
0.867819 0.496880
0.866824 0.498615
0.865825 0.500348
0.864822 0.502078
0.863816 0.503807
0.862807 0.505534
0.861794 0.507258
0.860778 0.508981
0.859758 0.510701
0.858735 0.512420
0.857709 0.514136
0.856679 0.515851
0.855645 0.517563
0.854608 0.519273
0.853568 0.520981
0.852524 0.522688
0.851477 0.524392
0.850427 0.526093
0.849373 0.527793
0.848316 0.529491
0.847255 0.531187
0.846191 0.532880
0.845124 0.534571
0.844053 0.536260
0.842979 0.537948
0.841901 0.539632
0.840820 0.541315
0.839736 0.542996
0.838648 0.544674
0.837557 0.546350
0.836463 0.548024
0.835365 0.549696
0.834264 0.551366
0.833159 0.553033
0.832052 0.554698
0.830941 0.556361
0.829826 0.558022
0.828709 0.559681
0.827588 0.561337
0.826463 0.562991
0.825336 0.564643
0.824205 0.566292
0.823070 0.567940
0.821933 0.569585
0.820792 0.571227
0.819648 0.572868
0.818501 0.574506
0.817350 0.576142
0.816196 0.577775
0.815039 0.579407
0.813878 0.581036
0.812715 0.582662
0.811548 0.584286
0.810378 0.585908
0.809204 0.587528
0.808027 0.589145
0.806848 0.590760
0.805664 0.592373
0.804478 0.593983
0.803288 0.595590
0.802096 0.597196
0.800900 0.598799
0.799701 0.600399
0.798498 0.601998
0.797293 0.603593
0.796084 0.605187
0.794872 0.606778
0.793657 0.608366
0.792438 0.609952
0.791217 0.611536
0.789992 0.613117
0.788764 0.614696
0.787533 0.616272
0.786299 0.617846
0.785062 0.619418
0.783822 0.620986
0.782578 0.622553
0.781331 0.624117
0.780082 0.625678
0.778829 0.627237
0.777573 0.628793
0.776314 0.630347
0.775051 0.631899
0.773786 0.633448
0.772517 0.634994
0.771246 0.636538
0.769971 0.638079
0.768694 0.639617
0.767413 0.641154
0.766129 0.642687
0.764842 0.644218
0.763552 0.645747
0.762259 0.647272
0.760963 0.648796
0.759664 0.650316
0.758362 0.651834
0.757057 0.653350
0.755748 0.654862
0.754437 0.656373
0.753123 0.657880
0.751806 0.659385
0.750485 0.660887
0.749162 0.662387
0.747836 0.663884
0.746507 0.665378
0.745174 0.666870
0.743839 0.668359
0.742501 0.669845
0.741160 0.671329
0.739816 0.672810
0.738468 0.674288
0.737118 0.675764
0.735765 0.677237
0.734410 0.678707
0.733051 0.680174
0.731689 0.681639
0.730324 0.683101
0.728956 0.684560
0.727586 0.686017
0.726212 0.687471
0.724836 0.688922
0.723457 0.690370
0.722074 0.691816
0.720689 0.693258
0.719301 0.694698
0.717911 0.696136
0.716517 0.697570
0.715120 0.699002
0.713721 0.700431
0.712319 0.701857
0.710913 0.703280
0.709505 0.704700
0.708095 0.706118
0.706681 0.707533
0.705265 0.708945
0.703845 0.710354
0.702423 0.711760
0.700998 0.713163
0.699570 0.714564
0.698140 0.715962
0.696707 0.717357
0.695271 0.718749
0.693832 0.720138
0.692390 0.721524
0.690946 0.722907
0.689498 0.724288
0.688048 0.725665
0.686596 0.727040
0.685140 0.728412
0.683682 0.729780
0.682221 0.731146
0.680757 0.732509
0.679291 0.733869
0.677822 0.735226
0.676350 0.736581
0.674876 0.737932
0.673398 0.739280
0.671919 0.740625
0.670436 0.741968
0.668951 0.743307
0.667463 0.744644
0.665972 0.745977
0.664479 0.747307
0.662983 0.748635
0.661484 0.749959
0.659983 0.751281
0.658479 0.752599
0.656973 0.753915
0.655464 0.755227
0.653952 0.756537
0.652437 0.757843
0.650920 0.759146
0.649401 0.760447
0.647879 0.761744
0.646354 0.763038
0.644826 0.764329
0.643297 0.765618
0.641764 0.766903
0.640229 0.768185
0.638691 0.769464
0.637151 0.770739
0.635608 0.772012
0.634063 0.773282
0.632515 0.774548
0.630965 0.775812
0.629412 0.777072
0.627857 0.778330
0.626299 0.779584
0.624738 0.780835
0.623175 0.782083
0.621610 0.783327
0.620042 0.784569
0.618472 0.785808
0.616899 0.787043
0.615323 0.788275
0.613746 0.789504
0.612165 0.790730
0.610583 0.791953
0.608998 0.793172
0.607410 0.794389
0.605820 0.795602
0.604228 0.796812
0.602633 0.798019
0.601036 0.799223
0.599436 0.800423
0.597834 0.801620
0.596229 0.802815
0.594623 0.804005
0.593013 0.805193
0.591402 0.806377
0.589788 0.807559
0.588172 0.808737
0.586553 0.809911
0.584932 0.811083
0.583309 0.812251
0.581683 0.813416
0.580055 0.814578
0.578425 0.815736
0.576792 0.816891
0.575157 0.818043
0.573520 0.819192
0.571880 0.820338
0.570239 0.821480
0.568594 0.822618
0.566948 0.823754
0.565299 0.824886
0.563649 0.826015
0.561995 0.827141
0.560340 0.828263
0.558682 0.829382
0.557022 0.830498
0.555360 0.831610
0.553696 0.832719
0.552029 0.833825
0.550361 0.834927
0.548690 0.836027
0.547017 0.837122
0.545341 0.838215
0.543664 0.839304
0.541984 0.840389
0.540302 0.841472
0.538618 0.842550
0.536932 0.843626
0.535244 0.844698
0.533553 0.845767
0.531861 0.846832
0.530166 0.847894
0.528469 0.848953
0.526770 0.850008
0.525069 0.851060
0.523366 0.852109
0.521661 0.853154
0.519953 0.854195
0.518244 0.855233
0.516532 0.856268
0.514819 0.857300
0.513103 0.858327
0.511385 0.859352
0.509666 0.860373
0.507944 0.861391
0.506220 0.862405
0.504494 0.863416
0.502767 0.864423
0.501037 0.865427
0.499305 0.866427
0.497571 0.867424
0.495835 0.868417
0.494097 0.869407
0.492358 0.870394
0.490616 0.871377
0.488872 0.872356
0.487126 0.873332
0.485379 0.874305
0.483629 0.875274
0.481878 0.876239
0.480124 0.877201
0.478369 0.878160
0.476612 0.879115
0.474852 0.880066
0.473091 0.881014
0.471328 0.881958
0.469563 0.882899
0.467797 0.883837
0.466028 0.884770
0.464258 0.885701
0.462485 0.886628
0.460711 0.887551
0.458935 0.888470
0.457157 0.889386
0.455378 0.890299
0.453596 0.891208
0.451813 0.892113
0.450028 0.893015
0.448241 0.893913
0.446452 0.894808
0.444661 0.895699
0.442869 0.896587
0.441075 0.897471
0.439279 0.898351
0.437482 0.899228
0.435682 0.900101
0.433881 0.900971
0.432078 0.901837
0.430274 0.902699
0.428468 0.903558
0.426660 0.904413
0.424850 0.905264
0.423039 0.906112
0.421226 0.906956
0.419411 0.907797
0.417594 0.908634
0.415776 0.909467
0.413957 0.910297
0.412135 0.911123
0.410312 0.911946
0.408487 0.912765
0.406661 0.913580
0.404833 0.914391
0.403003 0.915199
0.401172 0.916003
0.399339 0.916804
0.397505 0.917601
0.395669 0.918394
0.393831 0.919183
0.391992 0.919969
0.390152 0.920751
0.388309 0.921530
0.386465 0.922304
0.384620 0.923076
0.382773 0.923843
0.380925 0.924607
0.379075 0.925367
0.377223 0.926123
0.375370 0.926876
0.373516 0.927624
0.371660 0.928370
0.369802 0.929111
0.367943 0.929849
0.366083 0.930583
0.364221 0.931313
0.362358 0.932040
0.360493 0.932763
0.358627 0.933482
0.356759 0.934197
0.354890 0.934909
0.353019 0.935617
0.351147 0.936321
0.349274 0.937021
0.347399 0.937718
0.345523 0.938411
0.343646 0.939100
0.341767 0.939785
0.339887 0.940467
0.338005 0.941145
0.336122 0.941819
0.334238 0.942489
0.332352 0.943156
0.330465 0.943819
0.328577 0.944478
0.326687 0.945133
0.324796 0.945785
0.322904 0.946432
0.321010 0.947076
0.319116 0.947716
0.317220 0.948353
0.315322 0.948985
0.313424 0.949614
0.311524 0.950239
0.309623 0.950860
0.307720 0.951477
0.305817 0.952091
0.303912 0.952701
0.302006 0.953307
0.300099 0.953909
0.298190 0.954507
0.296281 0.955102
0.294370 0.955692
0.292458 0.956279
0.290545 0.956862
0.288631 0.957441
0.286715 0.958017
0.284799 0.958588
0.282881 0.959156
0.280962 0.959720
0.279042 0.960280
0.277121 0.960836
0.275199 0.961388
0.273275 0.961937
0.271351 0.962481
0.269425 0.963022
0.267499 0.963559
0.265571 0.964092
0.263642 0.964621
0.261713 0.965147
0.259782 0.965668
0.257850 0.966186
0.255917 0.966699
0.253983 0.967209
0.252048 0.967715
0.250112 0.968217
0.248175 0.968716
0.246237 0.969210
0.244299 0.969701
0.242359 0.970187
0.240418 0.970670
0.238476 0.971149
0.236533 0.971624
0.234589 0.972095
0.232645 0.972562
0.230699 0.973026
0.228753 0.973485
0.226805 0.973941
0.224857 0.974392
0.222908 0.974840
0.220958 0.975284
0.219007 0.975724
0.217055 0.976160
0.215102 0.976592
0.213148 0.977021
0.211194 0.977445
0.209239 0.977865
0.207282 0.978282
0.205325 0.978694
0.203368 0.979103
0.201409 0.979508
0.199450 0.979909
0.197489 0.980306
0.195528 0.980699
0.193567 0.981088
0.191604 0.981473
0.189641 0.981854
0.187677 0.982232
0.185712 0.982605
0.183746 0.982974
0.181780 0.983340
0.179813 0.983702
0.177845 0.984059
0.175877 0.984413
0.173908 0.984763
0.171938 0.985109
0.169967 0.985450
0.167996 0.985788
0.166024 0.986122
0.164051 0.986453
0.162078 0.986779
0.160104 0.987101
0.158130 0.987419
0.156155 0.987733
0.154179 0.988044
0.152202 0.988350
0.150225 0.988652
0.148248 0.988951
0.146270 0.989245
0.144291 0.989536
0.142311 0.989823
0.140332 0.990105
0.138351 0.990384
0.136370 0.990659
0.134388 0.990929
0.132406 0.991196
0.130424 0.991459
0.128440 0.991718
0.126457 0.991973
0.124473 0.992224
0.122488 0.992471
0.120503 0.992714
0.118517 0.992953
0.116531 0.993188
0.114544 0.993419
0.112557 0.993646
0.110570 0.993869
0.108582 0.994088
0.106593 0.994303
0.104605 0.994515
0.102615 0.994722
0.100626 0.994925
0.098636 0.995124
0.096645 0.995320
0.094654 0.995511
0.092663 0.995698
0.090672 0.995882
0.088680 0.996061
0.086687 0.996236
0.084695 0.996408
0.082702 0.996575
0.080708 0.996739
0.078715 0.996898
0.076721 0.997053
0.074727 0.997205
0.072732 0.997352
0.070737 0.997496
0.068742 0.997635
0.066747 0.997771
0.064751 0.997902
0.062755 0.998030
0.060759 0.998153
0.058762 0.998273
0.056766 0.998388
0.054769 0.998500
0.052772 0.998607
0.050774 0.998711
0.048777 0.998810
0.046779 0.998906
0.044781 0.998998
0.042783 0.999085
0.040785 0.999169
0.038787 0.999248
0.036788 0.999324
0.034789 0.999395
0.032790 0.999463
0.030791 0.999527
0.028792 0.999586
0.026793 0.999642
0.024794 0.999693
0.022794 0.999741
0.020795 0.999785
0.018795 0.999824
0.016795 0.999860
0.014796 0.999891
0.012796 0.999919
0.010796 0.999943
0.008796 0.999962
0.006796 0.999978
0.004796 0.999989
0.002796 0.999997
0.000796 1.000000
-0.001204 1.000000
-0.003204 0.999996
-0.005204 0.999987
-0.007204 0.999975
-0.009204 0.999958
-0.011203 0.999938
-0.013203 0.999914
-0.015203 0.999885
-0.017203 0.999853
-0.019203 0.999816
-0.021202 0.999776
-0.023202 0.999732
-0.025201 0.999683
-0.027200 0.999631
-0.029200 0.999574
-0.031199 0.999514
-0.033198 0.999450
-0.035196 0.999381
-0.037195 0.999309
-0.039194 0.999232
-0.041192 0.999152
-0.043190 0.999068
-0.045188 0.998979
-0.047186 0.998887
-0.049184 0.998791
-0.051181 0.998690
-0.053179 0.998586
-0.055176 0.998477
-0.057173 0.998365
-0.059169 0.998249
-0.061166 0.998128
-0.063162 0.998004
-0.065158 0.997876
-0.067153 0.997744
-0.069148 0.997607
-0.071144 0.997467
-0.073138 0.997323
-0.075133 0.997174
-0.077127 0.997022
-0.079121 0.996866
-0.081114 0.996706
-0.083108 0.996541
-0.085101 0.996373
-0.087093 0.996201
-0.089085 0.996025
-0.091077 0.995845
-0.093069 0.995661
-0.095060 0.995472
-0.097051 0.995280
-0.099041 0.995084
-0.101031 0.994884
-0.103021 0.994680
-0.105010 0.994472
-0.106998 0.994260
-0.108987 0.994044
-0.110975 0.993824
-0.112962 0.993600
-0.114949 0.993372
-0.116936 0.993140
-0.118922 0.992905
-0.120907 0.992665
-0.122892 0.992421
-0.124877 0.992173
-0.126861 0.991921
-0.128845 0.991666
-0.130828 0.991406
-0.132810 0.991142
-0.134792 0.990875
-0.136774 0.990603
-0.138755 0.990328
-0.140735 0.990048
-0.142715 0.989765
-0.144694 0.989477
-0.146673 0.989186
-0.148651 0.988891
-0.150628 0.988591
-0.152605 0.988288
-0.154581 0.987981
-0.156557 0.987670
-0.158532 0.987355
-0.160506 0.987036
-0.162480 0.986713
-0.164453 0.986386
-0.166426 0.986055
-0.168397 0.985720
-0.170369 0.985381
-0.172339 0.985039
-0.174309 0.984692
-0.176278 0.984341
-0.178246 0.983987
-0.180214 0.983628
-0.182181 0.983266
-0.184147 0.982900
-0.186112 0.982529
-0.188077 0.982155
-0.190041 0.981777
-0.192004 0.981395
-0.193966 0.981009
-0.195928 0.980619
-0.197889 0.980225
-0.199849 0.979828
-0.201808 0.979426
-0.203767 0.979020
-0.205724 0.978611
-0.207681 0.978198
-0.209637 0.977780
-0.211592 0.977359
-0.213546 0.976934
-0.215500 0.976505
-0.217452 0.976072
-0.219404 0.975635
-0.221355 0.975194
-0.223305 0.974750
-0.225254 0.974301
-0.227202 0.973849
-0.229149 0.973392
-0.231096 0.972932
-0.233041 0.972468
-0.234986 0.972000
-0.236929 0.971528
-0.238872 0.971052
-0.240813 0.970572
-0.242754 0.970089
-0.244694 0.969601
-0.246632 0.969110
-0.248570 0.968615
-0.250507 0.968116
-0.252442 0.967613
-0.254377 0.967106
-0.256311 0.966595
-0.258244 0.966081
-0.260175 0.965562
-0.262106 0.965040
-0.264035 0.964514
-0.265964 0.963984
-0.267891 0.963450
-0.269818 0.962912
-0.271743 0.962371
-0.273667 0.961825
-0.275590 0.961276
-0.277512 0.960723
-0.279433 0.960166
-0.281353 0.959605
-0.283272 0.959041
-0.285189 0.958472
-0.287105 0.957900
-0.289021 0.957324
-0.290935 0.956744
-0.292848 0.956160
-0.294759 0.955572
-0.296670 0.954981
-0.298579 0.954386
-0.300487 0.953787
-0.302394 0.953184
-0.304300 0.952577
-0.306205 0.951967
-0.308108 0.951352
-0.310010 0.950734
-0.311911 0.950112
-0.313811 0.949487
-0.315709 0.948857
-0.317606 0.948224
-0.319502 0.947587
-0.321396 0.946946
-0.323290 0.946301
-0.325182 0.945653
-0.327072 0.945000
-0.328962 0.944344
-0.330850 0.943685
-0.332736 0.943021
-0.334622 0.942354
-0.336506 0.941682
-0.338388 0.941008
-0.340270 0.940329
-0.342150 0.939646
-0.344028 0.938960
-0.345905 0.938270
-0.347781 0.937577
-0.349656 0.936879
-0.351529 0.936178
-0.353400 0.935473
-0.355271 0.934764
-0.357140 0.934052
-0.359007 0.933336
-0.360873 0.932616
-0.362737 0.931892
-0.364600 0.931165
-0.366462 0.930434
-0.368322 0.929699
-0.370181 0.928961
-0.372038 0.928219
-0.373894 0.927473
-0.375748 0.926723
-0.377601 0.925970
-0.379452 0.925213
-0.381301 0.924452
-0.383150 0.923687
-0.384996 0.922919
-0.386841 0.922147
-0.388685 0.921372
-0.390527 0.920593
-0.392367 0.919810
-0.394206 0.919023
-0.396043 0.918233
-0.397879 0.917439
-0.399713 0.916641
-0.401545 0.915840
-0.403376 0.915035
-0.405206 0.914227
-0.407033 0.913414
-0.408859 0.912599
-0.410684 0.911779
-0.412506 0.910956
-0.414327 0.910129
-0.416147 0.909299
-0.417965 0.908464
-0.419781 0.907627
-0.421595 0.906785
-0.423408 0.905940
-0.425219 0.905092
-0.427028 0.904239
-0.428836 0.903384
-0.430642 0.902524
-0.432446 0.901661
-0.434248 0.900794
-0.436049 0.899924
-0.437848 0.899050
-0.439645 0.898173
-0.441441 0.897292
-0.443234 0.896407
-0.445026 0.895519
-0.446816 0.894627
-0.448605 0.893731
-0.450391 0.892832
-0.452176 0.891930
-0.453959 0.891024
-0.455740 0.890114
-0.457520 0.889201
-0.459297 0.888284
-0.461073 0.887363
-0.462846 0.886440
-0.464618 0.885512
-0.466389 0.884581
-0.468157 0.883647
-0.469923 0.882708
-0.471688 0.881767
-0.473450 0.880822
-0.475211 0.879873
-0.476970 0.878921
-0.478727 0.877965
-0.480482 0.877006
-0.482235 0.876043
-0.483986 0.875077
-0.485735 0.874107
-0.487482 0.873134
-0.489227 0.872157
-0.490971 0.871177
-0.492712 0.870194
-0.494451 0.869206
-0.496189 0.868216
-0.497924 0.867222
-0.499658 0.866224
-0.501389 0.865223
-0.503119 0.864218
-0.504846 0.863211
-0.506572 0.862199
-0.508295 0.861184
-0.510016 0.860166
-0.511736 0.859144
-0.513453 0.858119
-0.515168 0.857090
-0.516881 0.856058
-0.518592 0.855023
-0.520301 0.853984
-0.522008 0.852942
-0.523713 0.851896
-0.525416 0.850847
-0.527116 0.849794
-0.528815 0.848738
-0.530511 0.847679
-0.532206 0.846616
-0.533898 0.845550
-0.535588 0.844481
-0.537276 0.843408
-0.538961 0.842332
-0.540645 0.841252
-0.542326 0.840169
-0.544006 0.839083
-0.545683 0.837993
-0.547358 0.836900
-0.549030 0.835804
-0.550701 0.834704
-0.552369 0.833601
-0.554035 0.832494
-0.555699 0.831385
-0.557361 0.830272
-0.559020 0.829155
-0.560677 0.828036
-0.562332 0.826913
-0.563985 0.825786
-0.565636 0.824657
-0.567284 0.823524
-0.568930 0.822387
-0.570573 0.821248
-0.572215 0.820105
-0.573854 0.818959
-0.575490 0.817810
-0.577125 0.816657
-0.578757 0.815501
-0.580387 0.814342
-0.582014 0.813180
-0.583640 0.812014
-0.585262 0.810845
-0.586883 0.809673
-0.588501 0.808498
-0.590117 0.807319
-0.591730 0.806137
-0.593341 0.804952
-0.594950 0.803764
-0.596557 0.802572
-0.598160 0.801378
-0.599762 0.800180
-0.601361 0.798979
-0.602958 0.797774
-0.604552 0.796567
-0.606144 0.795356
-0.607734 0.794142
-0.609321 0.792925
-0.610905 0.791705
-0.612488 0.790481
-0.614067 0.789255
-0.615645 0.788025
-0.617219 0.786792
-0.618792 0.785556
-0.620362 0.784317
-0.621929 0.783075
-0.623494 0.781829
-0.625056 0.780581
-0.626616 0.779329
-0.628174 0.778074
-0.629729 0.776817
-0.631281 0.775556
-0.632831 0.774291
-0.634378 0.773024
-0.635923 0.771754
-0.637465 0.770481
-0.639005 0.769204
-0.640542 0.767925
-0.642076 0.766642
-0.643608 0.765356
-0.645138 0.764067
-0.646665 0.762776
-0.648189 0.761481
-0.649711 0.760183
-0.651230 0.758882
-0.652746 0.757578
-0.654260 0.756271
-0.655771 0.754961
-0.657280 0.753648
-0.658786 0.752332
-0.660289 0.751013
-0.661790 0.749691
-0.663288 0.748366
-0.664783 0.747038
-0.666276 0.745707
-0.667766 0.744372
-0.669254 0.743035
-0.670738 0.741695
-0.672220 0.740353
-0.673700 0.739007
-0.675176 0.737658
-0.676650 0.736306
-0.678122 0.734951
-0.679590 0.733593
-0.681056 0.732233
-0.682519 0.730869
-0.683979 0.729503
-0.685437 0.728133
-0.686892 0.726761
-0.688344 0.725386
-0.689793 0.724008
-0.691240 0.722627
-0.692684 0.721243
-0.694125 0.719856
-0.695563 0.718466
-0.696999 0.717074
-0.698432 0.715678
-0.699862 0.714280
-0.701289 0.712879
-0.702713 0.711475
-0.704135 0.710068
-0.705553 0.708658
-0.706969 0.707246
-0.708382 0.705830
-0.709793 0.704412
-0.711200 0.702991
-0.712605 0.701567
-0.714006 0.700141
-0.715405 0.698711
-0.716801 0.697279
-0.718194 0.695844
-0.719584 0.694406
-0.720972 0.692966
-0.722356 0.691522
-0.723738 0.690076
-0.725117 0.688627
-0.726492 0.687176
-0.727865 0.685722
-0.729235 0.684264
-0.730602 0.682805
-0.731967 0.681342
-0.733328 0.679877
-0.734686 0.678409
-0.736041 0.676938
-0.737394 0.675465
-0.738743 0.673988
-0.740090 0.672510
-0.741433 0.671028
-0.742774 0.669544
-0.744111 0.668057
-0.745446 0.666567
-0.746778 0.665075
-0.748106 0.663580
-0.749432 0.662083
-0.750755 0.660583
-0.752074 0.659080
-0.753391 0.657574
-0.754705 0.656066
-0.756015 0.654555
-0.757323 0.653042
-0.758627 0.651526
-0.759929 0.650008
-0.761227 0.648487
-0.762523 0.646963
-0.763815 0.645436
-0.765105 0.643907
-0.766391 0.642376
-0.767674 0.640842
-0.768954 0.639305
-0.770231 0.637766
-0.771505 0.636224
-0.772776 0.634680
-0.774044 0.633133
-0.775309 0.631584
-0.776570 0.630032
-0.777829 0.628478
-0.779084 0.626921
-0.780337 0.625361
-0.781586 0.623799
-0.782832 0.622235
-0.784075 0.620668
-0.785314 0.619099
-0.786551 0.617527
-0.787785 0.615953
-0.789015 0.614376
-0.790242 0.612796
-0.791466 0.611215
-0.792687 0.609631
-0.793905 0.608044
-0.795119 0.606455
-0.796330 0.604864
-0.797538 0.603270
-0.798743 0.601673
-0.799945 0.600075
-0.801144 0.598474
-0.802339 0.596870
-0.803531 0.595264
-0.804720 0.593656
-0.805906 0.592045
-0.807088 0.590432
-0.808268 0.588817
-0.809444 0.587199
-0.810616 0.585579
-0.811786 0.583957
-0.812952 0.582332
-0.814115 0.580705
-0.815275 0.579076
-0.816431 0.577444
-0.817585 0.575810
-0.818735 0.574174
-0.819881 0.572535
-0.821025 0.570894
-0.822165 0.569251
-0.823302 0.567605
-0.824435 0.565958
-0.825566 0.564308
-0.826693 0.562655
-0.827816 0.561001
-0.828937 0.559344
-0.830054 0.557685
-0.831167 0.556024
-0.832278 0.554361
-0.833385 0.552695
-0.834489 0.551027
-0.835589 0.549357
-0.836686 0.547685
-0.837780 0.546010
-0.838870 0.544334
-0.839957 0.542655
-0.841041 0.540974
-0.842121 0.539291
-0.843198 0.537605
-0.844271 0.535918
-0.845341 0.534228
-0.846408 0.532536
-0.847472 0.530843
-0.848532 0.529147
-0.849588 0.527448
-0.850641 0.525748
-0.851691 0.524046
-0.852738 0.522341
-0.853781 0.520635
-0.854820 0.518926
-0.855856 0.517216
-0.856889 0.515503
-0.857918 0.513788
-0.858944 0.512071
-0.859966 0.510352
-0.860985 0.508631
-0.862001 0.506908
-0.863013 0.505183
-0.864022 0.503456
-0.865027 0.501727
-0.866029 0.499996
-0.867027 0.498263
-0.868022 0.496528
-0.869013 0.494791
-0.870001 0.493052
-0.870985 0.491311
-0.871966 0.489568
-0.872943 0.487823
-0.873917 0.486076
-0.874888 0.484328
-0.875855 0.482577
-0.876818 0.480824
-0.877778 0.479070
-0.878734 0.477313
-0.879687 0.475555
-0.880637 0.473794
-0.881582 0.472032
-0.882525 0.470268
-0.883463 0.468502
-0.884399 0.466734
-0.885330 0.464964
-0.886259 0.463193
-0.887183 0.461419
-0.888104 0.459644
-0.889022 0.457867
-0.889936 0.456088
-0.890846 0.454307
-0.891753 0.452525
-0.892656 0.450740
-0.893556 0.448954
-0.894452 0.447166
-0.895345 0.445376
-0.896233 0.443585
-0.897119 0.441791
-0.898001 0.439996
-0.898879 0.438199
-0.899753 0.436401
-0.900624 0.434600
-0.901492 0.432798
-0.902356 0.430994
-0.903216 0.429189
-0.904072 0.427381
-0.904925 0.425572
-0.905775 0.423762
-0.906620 0.421949
-0.907462 0.420135
-0.908301 0.418320
-0.909136 0.416502
-0.909967 0.414683
-0.910794 0.412862
-0.911618 0.411040
-0.912439 0.409216
-0.913255 0.407390
-0.914068 0.405563
-0.914877 0.403734
-0.915683 0.401903
-0.916485 0.400071
-0.917283 0.398237
-0.918078 0.396402
-0.918869 0.394565
-0.919656 0.392726
-0.920440 0.390886
-0.921220 0.389045
-0.921996 0.387202
-0.922769 0.385357
-0.923537 0.383510
-0.924303 0.381663
-0.925064 0.379813
-0.925822 0.377962
-0.926576 0.376110
-0.927326 0.374256
-0.928073 0.372401
-0.928816 0.370544
-0.929555 0.368685
-0.930291 0.366826
-0.931022 0.364964
-0.931751 0.363101
-0.932475 0.361237
-0.933195 0.359372
-0.933912 0.357504
-0.934625 0.355636
-0.935335 0.353766
-0.936041 0.351895
-0.936742 0.350022
-0.937441 0.348148
-0.938135 0.346272
-0.938826 0.344395
-0.939513 0.342517
-0.940196 0.340637
-0.940875 0.338756
-0.941551 0.336874
-0.942223 0.334990
-0.942891 0.333105
-0.943555 0.331218
-0.944216 0.329330
-0.944872 0.327441
-0.945525 0.325551
-0.946175 0.323659
-0.946820 0.321766
-0.947462 0.319872
-0.948099 0.317976
-0.948734 0.316080
-0.949364 0.314182
-0.949990 0.312282
-0.950613 0.310382
-0.951232 0.308480
-0.951847 0.306577
-0.952458 0.304672
-0.953066 0.302767
-0.953669 0.300860
-0.954269 0.298952
-0.954865 0.297043
-0.955457 0.295133
-0.956045 0.293221
-0.956630 0.291309
-0.957211 0.289395
-0.957788 0.287480
-0.958361 0.285564
-0.958930 0.283646
-0.959495 0.281728
-0.960057 0.279808
-0.960614 0.277888
-0.961168 0.275966
-0.961718 0.274043
-0.962264 0.272119
-0.962807 0.270194
-0.963345 0.268268
-0.963880 0.266341
-0.964411 0.264412
-0.964937 0.262483
-0.965461 0.260552
-0.965980 0.258621
-0.966495 0.256689
-0.967006 0.254755
-0.967514 0.252821
-0.968018 0.250885
-0.968518 0.248948
-0.969014 0.247011
-0.969506 0.245072
-0.969994 0.243133
-0.970478 0.241192
-0.970959 0.239251
-0.971435 0.237309
-0.971908 0.235365
-0.972377 0.233421
-0.972841 0.231476
-0.973302 0.229530
-0.973760 0.227583
-0.974213 0.225635
-0.974662 0.223686
-0.975108 0.221736
-0.975549 0.219785
-0.975987 0.217834
-0.976420 0.215881
-0.976850 0.213928
-0.977276 0.211974
-0.977698 0.210019
-0.978116 0.208063
-0.978530 0.206107
-0.978941 0.204149
-0.979347 0.202191
-0.979749 0.200232
-0.980148 0.198272
-0.980542 0.196311
-0.980933 0.194350
-0.981320 0.192387
-0.981703 0.190424
-0.982082 0.188461
-0.982456 0.186496
-0.982828 0.184531
-0.983195 0.182565
-0.983558 0.180598
-0.983917 0.178631
-0.984272 0.176662
-0.984624 0.174693
-0.984971 0.172724
-0.985315 0.170754
-0.985654 0.168783
-0.985990 0.166811
-0.986321 0.164839
-0.986649 0.162866
-0.986973 0.160892
-0.987293 0.158918
-0.987608 0.156943
-0.987920 0.154967
-0.988228 0.152991
-0.988532 0.151014
-0.988832 0.149037
-0.989128 0.147059
-0.989421 0.145081
-0.989709 0.143101
-0.989993 0.141122
-0.990273 0.139141
-0.990550 0.137161
-0.990822 0.135179
-0.991090 0.133197
-0.991355 0.131215
-0.991615 0.129232
-0.991872 0.127248
-0.992124 0.125264
-0.992373 0.123280
-0.992617 0.121295
-0.992858 0.119310
-0.993094 0.117324
-0.993327 0.115337
-0.993556 0.113350
-0.993781 0.111363
-0.994001 0.109375
-0.994218 0.107387
-0.994431 0.105398
-0.994640 0.103409
-0.994844 0.101420
-0.995045 0.099430
-0.995242 0.097440
-0.995435 0.095449
-0.995624 0.093458
-0.995809 0.091466
-0.995990 0.089475
-0.996167 0.087482
-0.996340 0.085490
-0.996509 0.083497
-0.996674 0.081504
-0.996835 0.079510
-0.996992 0.077517
-0.997145 0.075522
-0.997294 0.073528
-0.997439 0.071533
-0.997580 0.069538
-0.997717 0.067543
-0.997850 0.065547
-0.997979 0.063552
-0.998104 0.061555
-0.998225 0.059559
-0.998343 0.057563
-0.998456 0.055566
-0.998565 0.053569
-0.998670 0.051571
-0.998771 0.049574
-0.998868 0.047576
-0.998961 0.045579
-0.999051 0.043581
-0.999136 0.041582
-0.999217 0.039584
-0.999294 0.037586
-0.999367 0.035587
-0.999436 0.033588
-0.999502 0.031589
-0.999563 0.029590
-0.999620 0.027591
-0.999673 0.025592
-0.999722 0.023592
-0.999767 0.021593
-0.999809 0.019593
-0.999846 0.017593
-0.999879 0.015594
-0.999908 0.013594
-0.999933 0.011594
-0.999955 0.009594
-0.999972 0.007594
-0.999985 0.005594
-0.999994 0.003594
-0.999999 0.001594
-1.000001 -0.000406
-0.999998 -0.002406
-0.999991 -0.004406
-0.999980 -0.006406
-0.999965 -0.008406
-0.999946 -0.010405
-0.999924 -0.012405
-0.999897 -0.014405
-0.999866 -0.016405
-0.999831 -0.018405
-0.999792 -0.020404
-0.999750 -0.022404
-0.999703 -0.024403
-0.999652 -0.026403
-0.999597 -0.028402
-0.999538 -0.030401
-0.999476 -0.032400
-0.999409 -0.034399
-0.999338 -0.036398
-0.999263 -0.038396
-0.999184 -0.040395
-0.999102 -0.042393
-0.999015 -0.044391
-0.998924 -0.046389
-0.998829 -0.048387
-0.998731 -0.050384
-0.998628 -0.052382
-0.998521 -0.054379
-0.998410 -0.056376
-0.998295 -0.058372
-0.998177 -0.060369
-0.998054 -0.062365
-0.997927 -0.064361
-0.997797 -0.066357
-0.997662 -0.068352
-0.997523 -0.070347
-0.997380 -0.072342
-0.997234 -0.074337
-0.997083 -0.076331
-0.996928 -0.078325
-0.996770 -0.080319
-0.996607 -0.082312
-0.996441 -0.084305
-0.996270 -0.086298
-0.996095 -0.088291
-0.995917 -0.090283
-0.995734 -0.092274
-0.995548 -0.094265
-0.995357 -0.096256
-0.995163 -0.098247
-0.994964 -0.100237
-0.994762 -0.102227
-0.994555 -0.104216
-0.994345 -0.106205
-0.994130 -0.108193
-0.993912 -0.110181
-0.993690 -0.112169
-0.993463 -0.114156
-0.993233 -0.116143
-0.992999 -0.118129
-0.992761 -0.120115
-0.992518 -0.122100
-0.992272 -0.124085
-0.992022 -0.126069
-0.991768 -0.128053
-0.991510 -0.130036
-0.991248 -0.132019
-0.990982 -0.134001
-0.990712 -0.135983
-0.990438 -0.137964
-0.990160 -0.139945
-0.989878 -0.141925
-0.989592 -0.143904
-0.989302 -0.145883
-0.989009 -0.147861
-0.988711 -0.149839
-0.988409 -0.151816
-0.988104 -0.153793
-0.987794 -0.155769
-0.987481 -0.157744
-0.987163 -0.159719
-0.986842 -0.161693
-0.986516 -0.163666
-0.986187 -0.165639
-0.985854 -0.167611
-0.985517 -0.169582
-0.985175 -0.171553
-0.984830 -0.173523
-0.984481 -0.175492
-0.984128 -0.177461
-0.983772 -0.179429
-0.983411 -0.181396
-0.983046 -0.183362
-0.982677 -0.185328
-0.982305 -0.187293
-0.981928 -0.189257
-0.981548 -0.191221
-0.981163 -0.193183
-0.980775 -0.195145
-0.980383 -0.197106
-0.979986 -0.199067
-0.979586 -0.201026
-0.979182 -0.202985
-0.978774 -0.204943
-0.978363 -0.206900
-0.977947 -0.208857
-0.977527 -0.210812
-0.977104 -0.212767
-0.976676 -0.214720
-0.976245 -0.216673
-0.975809 -0.218625
-0.975370 -0.220577
-0.974927 -0.222527
-0.974480 -0.224476
-0.974029 -0.226425
-0.973574 -0.228372
-0.973116 -0.230319
-0.972653 -0.232265
-0.972187 -0.234210
-0.971716 -0.236154
-0.971242 -0.238097
-0.970764 -0.240039
-0.970282 -0.241980
-0.969796 -0.243920
-0.969306 -0.245859
-0.968812 -0.247797
-0.968315 -0.249734
-0.967814 -0.251670
-0.967308 -0.253605
-0.966799 -0.255539
-0.966286 -0.257473
-0.965769 -0.259405
-0.965248 -0.261336
-0.964724 -0.263266
-0.964195 -0.265194
-0.963663 -0.267122
-0.963127 -0.269049
-0.962587 -0.270975
-0.962043 -0.272899
-0.961495 -0.274823
-0.960944 -0.276745
-0.960388 -0.278667
-0.959829 -0.280587
-0.959266 -0.282506
-0.958699 -0.284424
-0.958128 -0.286341
-0.957554 -0.288257
-0.956975 -0.290171
-0.956393 -0.292084
-0.955807 -0.293997
-0.955217 -0.295908
-0.954623 -0.297818
-0.954026 -0.299726
-0.953424 -0.301634
-0.952819 -0.303540
-0.952210 -0.305445
-0.951597 -0.307349
-0.950981 -0.309251
-0.950360 -0.311153
-0.949736 -0.313053
-0.949108 -0.314952
-0.948476 -0.316849
-0.947841 -0.318745
-0.947201 -0.320641
-0.946558 -0.322534
-0.945911 -0.324427
-0.945261 -0.326318
-0.944606 -0.328208
-0.943948 -0.330096
-0.943286 -0.331984
-0.942620 -0.333869
-0.941950 -0.335754
-0.941277 -0.337637
-0.940600 -0.339519
-0.939919 -0.341400
-0.939234 -0.343279
-0.938546 -0.345157
-0.937853 -0.347033
-0.937157 -0.348908
-0.936458 -0.350782
-0.935754 -0.352654
-0.935047 -0.354525
-0.934336 -0.356394
-0.933622 -0.358262
-0.932903 -0.360129
-0.932181 -0.361994
-0.931455 -0.363857
-0.930726 -0.365719
-0.929992 -0.367580
-0.929255 -0.369439
-0.928514 -0.371297
-0.927770 -0.373153
-0.927022 -0.375008
-0.926270 -0.376862
-0.925514 -0.378713
-0.924755 -0.380564
-0.923992 -0.382412
-0.923226 -0.384260
-0.922455 -0.386105
-0.921681 -0.387949
-0.920903 -0.389792
-0.920122 -0.391633
-0.919337 -0.393472
-0.918548 -0.395310
-0.917756 -0.397147
-0.916959 -0.398981
-0.916160 -0.400814
-0.915356 -0.402646
-0.914549 -0.404476
-0.913738 -0.406304
-0.912924 -0.408131
-0.912106 -0.409956
-0.911284 -0.411779
-0.910459 -0.413601
-0.909630 -0.415421
-0.908797 -0.417239
-0.907961 -0.419056
-0.907121 -0.420871
-0.906277 -0.422685
-0.905430 -0.424496
-0.904579 -0.426306
-0.903725 -0.428115
-0.902867 -0.429921
-0.902005 -0.431726
-0.901140 -0.433529
-0.900271 -0.435331
-0.899398 -0.437130
-0.898522 -0.438928
-0.897643 -0.440725
-0.896760 -0.442519
-0.895873 -0.444312
-0.894982 -0.446102
-0.894088 -0.447891
-0.893191 -0.449679
-0.892290 -0.451464
-0.891385 -0.453248
-0.890477 -0.455030
-0.889565 -0.456810
-0.888649 -0.458588
-0.887730 -0.460364
-0.886808 -0.462139
-0.885882 -0.463912
-0.884952 -0.465682
-0.884019 -0.467451
-0.883082 -0.469219
-0.882142 -0.470984
-0.881198 -0.472747
-0.880251 -0.474509
-0.879300 -0.476268
-0.878346 -0.478026
-0.877388 -0.479781
-0.876427 -0.481535
-0.875462 -0.483287
-0.874494 -0.485037
-0.873522 -0.486785
-0.872547 -0.488531
-0.871568 -0.490275
-0.870586 -0.492018
-0.869600 -0.493758
-0.868611 -0.495496
-0.867618 -0.497232
-0.866622 -0.498966
-0.865622 -0.500699
-0.864619 -0.502429
-0.863612 -0.504157
-0.862602 -0.505883
-0.861589 -0.507607
-0.860572 -0.509330
-0.859551 -0.511050
-0.858528 -0.512768
-0.857500 -0.514484
-0.856470 -0.516198
-0.855436 -0.517910
-0.854398 -0.519620
-0.853357 -0.521327
-0.852313 -0.523033
-0.851265 -0.524737
-0.850214 -0.526438
-0.849159 -0.528137
-0.848101 -0.529835
-0.847040 -0.531530
-0.845975 -0.533223
-0.844907 -0.534914
-0.843835 -0.536602
-0.842761 -0.538289
-0.841682 -0.539974
-0.840601 -0.541656
-0.839516 -0.543336
-0.838427 -0.545014
-0.837336 -0.546690
-0.836241 -0.548363
-0.835142 -0.550035
-0.834040 -0.551704
-0.832935 -0.553371
-0.831827 -0.555036
-0.830715 -0.556698
-0.829600 -0.558358
-0.828482 -0.560016
-0.827360 -0.561672
-0.826235 -0.563326
-0.825107 -0.564977
-0.823975 -0.566626
-0.822840 -0.568273
-0.821702 -0.569918
-0.820561 -0.571560
-0.819416 -0.573200
-0.818268 -0.574838
-0.817116 -0.576473
-0.815962 -0.578106
-0.814804 -0.579737
-0.813643 -0.581365
-0.812479 -0.582991
-0.811311 -0.584615
-0.810140 -0.586237
-0.808966 -0.587856
-0.807789 -0.589472
-0.806608 -0.591087
-0.805424 -0.592699
-0.804237 -0.594309
-0.803047 -0.595916
-0.801854 -0.597521
-0.800657 -0.599123
-0.799457 -0.600723
-0.798254 -0.602321
-0.797048 -0.603916
-0.795838 -0.605509
-0.794626 -0.607100
-0.793410 -0.608688
-0.792191 -0.610273
-0.790969 -0.611857
-0.789744 -0.613437
-0.788515 -0.615016
-0.787284 -0.616591
-0.786049 -0.618165
-0.784811 -0.619736
-0.783570 -0.621304
-0.782326 -0.622870
-0.781078 -0.624433
-0.779828 -0.625994
-0.778574 -0.627553
-0.777318 -0.629108
-0.776058 -0.630662
-0.774795 -0.632213
-0.773529 -0.633761
-0.772260 -0.635307
-0.770988 -0.636850
-0.769713 -0.638391
-0.768434 -0.639929
-0.767153 -0.641464
-0.765869 -0.642997
-0.764581 -0.644528
-0.763290 -0.646056
-0.761997 -0.647581
-0.760700 -0.649104
-0.759400 -0.650624
-0.758098 -0.652141
-0.756792 -0.653656
-0.755483 -0.655169
-0.754171 -0.656678
-0.752856 -0.658185
-0.751538 -0.659690
-0.750217 -0.661191
-0.748894 -0.662690
-0.747567 -0.664187
-0.746237 -0.665681
-0.744904 -0.667172
-0.743568 -0.668660
-0.742229 -0.670146
-0.740888 -0.671629
-0.739543 -0.673110
-0.738195 -0.674587
-0.736845 -0.676062
-0.735491 -0.677535
-0.734134 -0.679004
-0.732775 -0.680471
-0.731412 -0.681936
-0.730047 -0.683397
-0.728679 -0.684856
-0.727308 -0.686312
-0.725934 -0.687765
-0.724557 -0.689215
-0.723177 -0.690663
-0.721794 -0.692108
-0.720408 -0.693550
-0.719020 -0.694990
-0.717628 -0.696426
-0.716234 -0.697860
-0.714837 -0.699291
-0.713437 -0.700720
-0.712034 -0.702145
-0.710628 -0.703568
-0.709220 -0.704988
-0.707808 -0.706405
-0.706394 -0.707819
-0.704977 -0.709230
-0.703557 -0.710639
-0.702135 -0.712044
-0.700709 -0.713447
-0.699281 -0.714847
-0.697850 -0.716244
-0.696416 -0.717639
-0.694979 -0.719030
-0.693540 -0.720419
-0.692097 -0.721804
-0.690652 -0.723187
-0.689205 -0.724567
-0.687754 -0.725944
-0.686301 -0.727318
-0.684845 -0.728689
-0.683386 -0.730057
-0.681925 -0.731423
-0.680460 -0.732785
-0.678994 -0.734144
-0.677524 -0.735501
-0.676052 -0.736854
-0.674576 -0.738205
-0.673099 -0.739553
-0.671618 -0.740898
-0.670135 -0.742239
-0.668649 -0.743578
-0.667161 -0.744914
-0.665670 -0.746247
-0.664176 -0.747577
-0.662679 -0.748903
-0.661180 -0.750227
-0.659678 -0.751548
-0.658174 -0.752866
-0.656667 -0.754181
-0.655157 -0.755493
-0.653645 -0.756801
-0.652130 -0.758107
-0.650613 -0.759410
-0.649092 -0.760710
-0.647570 -0.762006
-0.646044 -0.763300
-0.644517 -0.764590
-0.642986 -0.765878
-0.641453 -0.767162
-0.639917 -0.768444
-0.638379 -0.769722
-0.636839 -0.770997
-0.635295 -0.772269
-0.633749 -0.773538
-0.632201 -0.774804
-0.630650 -0.776067
-0.629097 -0.777327
-0.627541 -0.778584
-0.625982 -0.779837
-0.624422 -0.781088
-0.622858 -0.782335
-0.621292 -0.783579
-0.619724 -0.784820
-0.618153 -0.786058
-0.616580 -0.787293
-0.615004 -0.788524
-0.613426 -0.789753
-0.611845 -0.790978
-0.610262 -0.792200
-0.608676 -0.793419
-0.607088 -0.794635
-0.605497 -0.795847
-0.603905 -0.797057
-0.602309 -0.798263
-0.600711 -0.799466
-0.599111 -0.800666
-0.597509 -0.801862
-0.595904 -0.803056
-0.594297 -0.804246
-0.592687 -0.805433
-0.591075 -0.806617
-0.589460 -0.807797
-0.587844 -0.808975
-0.586225 -0.810149
-0.584603 -0.811320
-0.582979 -0.812487
-0.581353 -0.813651
-0.579725 -0.814813
-0.578094 -0.815970
-0.576461 -0.817125
-0.574825 -0.818276
-0.573188 -0.819424
-0.571548 -0.820569
-0.569905 -0.821710
-0.568261 -0.822849
-0.566614 -0.823983
-0.564965 -0.825115
-0.563314 -0.826243
-0.561660 -0.827368
-0.560004 -0.828490
-0.558346 -0.829608
-0.556686 -0.830723
-0.555023 -0.831835
-0.553358 -0.832943
-0.551691 -0.834048
-0.550022 -0.835150
-0.548351 -0.836249
-0.546677 -0.837344
-0.545001 -0.838435
-0.543323 -0.839524
-0.541643 -0.840609
-0.539961 -0.841690
-0.538276 -0.842768
-0.536590 -0.843843
-0.534901 -0.844915
-0.533210 -0.845983
-0.531517 -0.847048
-0.529822 -0.848109
-0.528125 -0.849167
-0.526425 -0.850221
-0.524724 -0.851273
-0.523020 -0.852320
-0.521315 -0.853365
-0.519607 -0.854406
-0.517897 -0.855443
-0.516185 -0.856477
-0.514471 -0.857508
-0.512755 -0.858535
-0.511037 -0.859559
-0.509317 -0.860579
-0.507595 -0.861596
-0.505870 -0.862610
-0.504144 -0.863620
-0.502416 -0.864626
-0.500686 -0.865629
-0.498953 -0.866629
-0.497219 -0.867625
-0.495483 -0.868618
-0.493745 -0.869607
-0.492004 -0.870593
-0.490262 -0.871575
-0.488518 -0.872554
-0.486772 -0.873529
-0.485024 -0.874501
-0.483274 -0.875469
-0.481522 -0.876434
-0.479768 -0.877395
-0.478013 -0.878353
-0.476255 -0.879307
-0.474495 -0.880258
-0.472734 -0.881205
-0.470971 -0.882149
-0.469205 -0.883089
-0.467438 -0.884026
-0.465669 -0.884959
-0.463898 -0.885888
-0.462126 -0.886815
-0.460351 -0.887737
-0.458575 -0.888656
-0.456796 -0.889571
-0.455016 -0.890483
-0.453234 -0.891391
-0.451451 -0.892296
-0.449665 -0.893197
-0.447878 -0.894095
-0.446089 -0.894989
-0.444298 -0.895879
-0.442505 -0.896766
-0.440711 -0.897649
-0.438915 -0.898529
-0.437117 -0.899405
-0.435317 -0.900277
-0.433516 -0.901146
-0.431713 -0.902011
-0.429908 -0.902873
-0.428101 -0.903731
-0.426293 -0.904585
-0.424483 -0.905436
-0.422671 -0.906283
-0.420858 -0.907127
-0.419043 -0.907967
-0.417226 -0.908803
-0.415407 -0.909636
-0.413587 -0.910465
-0.411765 -0.911290
-0.409942 -0.912112
-0.408117 -0.912930
-0.406290 -0.913744
-0.404462 -0.914555
-0.402632 -0.915362
-0.400801 -0.916165
-0.398967 -0.916965
-0.397133 -0.917761
-0.395296 -0.918554
-0.393459 -0.919342
-0.391619 -0.920127
-0.389778 -0.920909
-0.387935 -0.921687
-0.386091 -0.922461
-0.384246 -0.923231
-0.382398 -0.923998
-0.380550 -0.924761
-0.378699 -0.925520
-0.376848 -0.926275
-0.374994 -0.927027
-0.373139 -0.927775
-0.371283 -0.928520
-0.369425 -0.929260
-0.367566 -0.929997
-0.365705 -0.930731
-0.363843 -0.931460
-0.361980 -0.932186
-0.360114 -0.932908
-0.358248 -0.933627
-0.356380 -0.934341
-0.354511 -0.935052
-0.352640 -0.935759
-0.350767 -0.936463
-0.348894 -0.937162
-0.347019 -0.937858
-0.345142 -0.938550
-0.343265 -0.939239
-0.341385 -0.939923
-0.339505 -0.940604
-0.337623 -0.941281
-0.335740 -0.941955
-0.333855 -0.942624
-0.331969 -0.943290
-0.330082 -0.943952
-0.328193 -0.944611
-0.326304 -0.945265
-0.324412 -0.945916
-0.322520 -0.946563
-0.320626 -0.947206
-0.318731 -0.947845
-0.316835 -0.948481
-0.314937 -0.949113
-0.313038 -0.949740
-0.311138 -0.950365
-0.309237 -0.950985
-0.307334 -0.951602
-0.305430 -0.952214
-0.303525 -0.952823
-0.301619 -0.953428
-0.299712 -0.954030
-0.297803 -0.954627
-0.295893 -0.955221
-0.293982 -0.955811
-0.292070 -0.956397
-0.290157 -0.956979
-0.288242 -0.957558
-0.286326 -0.958132
-0.284410 -0.958703
-0.282492 -0.959270
-0.280572 -0.959833
-0.278652 -0.960392
-0.276731 -0.960947
-0.274808 -0.961499
-0.272885 -0.962047
-0.270960 -0.962591
-0.269035 -0.963131
-0.267108 -0.963667
-0.265180 -0.964199
-0.263251 -0.964727
-0.261321 -0.965252
-0.259390 -0.965773
-0.257458 -0.966290
-0.255525 -0.966803
-0.253591 -0.967312
-0.251656 -0.967817
-0.249719 -0.968318
-0.247782 -0.968816
-0.245844 -0.969309
-0.243905 -0.969799
-0.241965 -0.970285
-0.240024 -0.970767
-0.238082 -0.971245
-0.236139 -0.971719
-0.234195 -0.972190
-0.232250 -0.972656
-0.230304 -0.973119
-0.228358 -0.973577
-0.226410 -0.974032
-0.224462 -0.974483
-0.222512 -0.974930
-0.220562 -0.975373
-0.218611 -0.975812
-0.216659 -0.976247
-0.214706 -0.976679
-0.212752 -0.977106
-0.210797 -0.977530
-0.208842 -0.977949
-0.206885 -0.978365
-0.204928 -0.978777
-0.202970 -0.979185
-0.201012 -0.979589
-0.199052 -0.979989
-0.197092 -0.980385
-0.195130 -0.980777
-0.193168 -0.981166
-0.191206 -0.981550
-0.189242 -0.981930
-0.187278 -0.982307
-0.185313 -0.982680
-0.183347 -0.983048
-0.181381 -0.983413
-0.179414 -0.983774
-0.177446 -0.984131
-0.175477 -0.984484
-0.173508 -0.984832
-0.171538 -0.985178
-0.169567 -0.985519
-0.167596 -0.985856
-0.165624 -0.986189
-0.163651 -0.986518
-0.161678 -0.986844
-0.159704 -0.987165
-0.157729 -0.987482
-0.155754 -0.987796
-0.153778 -0.988105
-0.151801 -0.988411
-0.149824 -0.988713
-0.147846 -0.989010
-0.145868 -0.989304
-0.143889 -0.989594
-0.141910 -0.989880
-0.139930 -0.990161
-0.137949 -0.990439
-0.135968 -0.990713
-0.133986 -0.990983
-0.132004 -0.991249
-0.130021 -0.991511
-0.128038 -0.991769
-0.126054 -0.992023
-0.124070 -0.992273
-0.122085 -0.992520
-0.120100 -0.992762
-0.118114 -0.993000
-0.116128 -0.993234
-0.114141 -0.993465
-0.112154 -0.993691
-0.110166 -0.993913
-0.108178 -0.994132
-0.106190 -0.994346
-0.104201 -0.994556
-0.102212 -0.994763
-0.100222 -0.994965
-0.098232 -0.995164
-0.096241 -0.995358
-0.094250 -0.995549
-0.092259 -0.995735
-0.090267 -0.995918
-0.088275 -0.996096
-0.086283 -0.996271
-0.084290 -0.996441
-0.082297 -0.996608
-0.080304 -0.996770
-0.078310 -0.996929
-0.076316 -0.997084
-0.074322 -0.997234
-0.072327 -0.997381
-0.070332 -0.997524
-0.068337 -0.997662
-0.066342 -0.997797
-0.064346 -0.997928
-0.062350 -0.998054
-0.060354 -0.998177
-0.058357 -0.998296
-0.056360 -0.998411
-0.054364 -0.998521
-0.052366 -0.998628
-0.050369 -0.998731
-0.048371 -0.998829
-0.046374 -0.998924
-0.044376 -0.999015
-0.042378 -0.999102
-0.040379 -0.999184
-0.038381 -0.999263
-0.036382 -0.999338
-0.034384 -0.999409
-0.032385 -0.999476
-0.030386 -0.999538
-0.028386 -0.999597
-0.026387 -0.999652
-0.024388 -0.999703
-0.022388 -0.999749
-0.020389 -0.999792
-0.018389 -0.999831
-0.016390 -0.999866
-0.014390 -0.999896
-0.012390 -0.999923
-0.010390 -0.999946
-0.008390 -0.999965
-0.006390 -0.999980
-0.004390 -0.999990
-0.002390 -0.999997
-0.000390 -1.000000
0.001610 -0.999999
0.003610 -0.999994
0.005610 -0.999984
0.007610 -0.999971
0.009610 -0.999954
0.011609 -0.999933
0.013609 -0.999907
0.015609 -0.999878
0.017609 -0.999845
0.019608 -0.999808
0.021608 -0.999767
0.023608 -0.999721
0.025607 -0.999672
0.027606 -0.999619
0.029605 -0.999562
0.031604 -0.999500
0.033603 -0.999435
0.035602 -0.999366
0.037601 -0.999293
0.039599 -0.999216
0.041598 -0.999134
0.043596 -0.999049
0.045594 -0.998960
0.047592 -0.998867
0.049589 -0.998770
0.051587 -0.998669
0.053584 -0.998563
0.055581 -0.998454
0.057578 -0.998341
0.059574 -0.998224
0.061571 -0.998103
0.063567 -0.997978
0.065563 -0.997849
0.067558 -0.997715
0.069554 -0.997578
0.071549 -0.997437
0.073543 -0.997292
0.075538 -0.997143
0.077532 -0.996990
0.079526 -0.996833
0.081519 -0.996672
0.083512 -0.996507
0.085505 -0.996338
0.087498 -0.996165
0.089490 -0.995988
0.091482 -0.995807
0.093473 -0.995622
0.095464 -0.995433
0.097455 -0.995240
0.099445 -0.995043
0.101435 -0.994842
0.103425 -0.994637
0.105414 -0.994429
0.107402 -0.994216
0.109390 -0.993999
0.111378 -0.993778
0.113366 -0.993553
0.115352 -0.993325
0.117339 -0.993092
0.119325 -0.992855
0.121310 -0.992615
0.123295 -0.992370
0.125280 -0.992122
0.127264 -0.991869
0.129247 -0.991612
0.131230 -0.991352
0.133213 -0.991088
0.135195 -0.990819
0.137176 -0.990547
0.139157 -0.990270
0.141137 -0.989990
0.143117 -0.989706
0.145096 -0.989418
0.147074 -0.989126
0.149052 -0.988829
0.151030 -0.988529
0.153006 -0.988225
0.154983 -0.987917
0.156958 -0.987605
0.158933 -0.987289
0.160907 -0.986970
0.162881 -0.986646
0.164854 -0.986318
0.166826 -0.985986
0.168798 -0.985651
0.170769 -0.985311
0.172739 -0.984968
0.174709 -0.984620
0.176678 -0.984269
0.178646 -0.983914
0.180613 -0.983554
0.182580 -0.983191
0.184546 -0.982824
0.186511 -0.982453
0.188476 -0.982078
0.190440 -0.981699
0.192403 -0.981316
0.194365 -0.980929
0.196326 -0.980539
0.198287 -0.980144
0.200247 -0.979746
0.202206 -0.979343
0.204164 -0.978937
0.206122 -0.978526
0.208078 -0.978112
0.210034 -0.977694
0.211989 -0.977272
0.213943 -0.976846
0.215896 -0.976416
0.217849 -0.975983
0.219800 -0.975545
0.221751 -0.975103
0.223701 -0.974658
0.225650 -0.974209
0.227598 -0.973755
0.229545 -0.973298
0.231491 -0.972837
0.233436 -0.972372
0.235380 -0.971903
0.237324 -0.971431
0.239266 -0.970954
0.241207 -0.970474
0.243148 -0.969989
0.245087 -0.969501
0.247026 -0.969009
0.248963 -0.968513
0.250900 -0.968013
0.252836 -0.967509
0.254770 -0.967002
0.256704 -0.966490
0.258636 -0.965975
0.260567 -0.965456
0.262498 -0.964933
0.264427 -0.964406
0.266355 -0.963875
0.268283 -0.963340
0.270209 -0.962802
0.272134 -0.962260
0.274058 -0.961713
0.275981 -0.961163
0.277902 -0.960609
0.279823 -0.960052
0.281743 -0.959490
0.283661 -0.958925
0.285578 -0.958356
0.287495 -0.957782
0.289410 -0.957206
0.291323 -0.956625
0.293236 -0.956040
0.295148 -0.955452
0.297058 -0.954860
0.298967 -0.954264
0.300875 -0.953664
0.302782 -0.953060
0.304687 -0.952453
0.306591 -0.951841
0.308494 -0.951226
0.310396 -0.950607
0.312297 -0.949985
0.314196 -0.949358
0.316094 -0.948728
0.317991 -0.948094
0.319887 -0.947456
0.321781 -0.946814
0.323674 -0.946169
0.325566 -0.945520
0.327456 -0.944867
0.329345 -0.944210
0.331233 -0.943549
0.333119 -0.942885
0.335004 -0.942217
0.336888 -0.941545
0.338771 -0.940869
0.340652 -0.940190
0.342531 -0.939507
0.344410 -0.938820
0.346287 -0.938129
0.348162 -0.937434
0.350036 -0.936736
0.351909 -0.936034
0.353781 -0.935329
0.355650 -0.934619
0.357519 -0.933906
0.359386 -0.933189
0.361252 -0.932469
0.363116 -0.931744
0.364979 -0.931016
0.366840 -0.930284
0.368700 -0.929549
0.370558 -0.928809
0.372415 -0.928066
0.374270 -0.927320
0.376124 -0.926569
0.377977 -0.925815
0.379828 -0.925057
0.381677 -0.924296
0.383525 -0.923531
0.385371 -0.922762
0.387216 -0.921989
0.389059 -0.921213
0.390901 -0.920433
0.392741 -0.919649
0.394579 -0.918862
0.396416 -0.918071
0.398252 -0.917276
0.400085 -0.916478
0.401918 -0.915676
0.403748 -0.914870
0.405577 -0.914061
0.407404 -0.913248
0.409230 -0.912432
0.411054 -0.911611
0.412876 -0.910787
0.414697 -0.909960
0.416516 -0.909129
0.418334 -0.908294
0.420149 -0.907455
0.421964 -0.906613
0.423776 -0.905767
0.425587 -0.904918
0.427396 -0.904065
0.429203 -0.903208
0.431008 -0.902348
0.432812 -0.901484
0.434614 -0.900617
0.436415 -0.899746
0.438213 -0.898871
0.440010 -0.897993
0.441805 -0.897111
0.443599 -0.896226
0.445390 -0.895337
0.447180 -0.894444
0.448968 -0.893548
0.450754 -0.892648
0.452539 -0.891745
0.454321 -0.890838
0.456102 -0.889928
0.457881 -0.889014
0.459658 -0.888096
0.461433 -0.887175
0.463207 -0.886251
0.464978 -0.885322
0.466748 -0.884391
0.468516 -0.883455
0.470282 -0.882517
0.472046 -0.881574
0.473808 -0.880628
0.475568 -0.879679
0.477327 -0.878726
0.479083 -0.877770
0.480838 -0.876810
0.482591 -0.875846
0.484341 -0.874879
0.486090 -0.873909
0.487837 -0.872935
0.489582 -0.871958
0.491325 -0.870977
0.493066 -0.869992
0.494805 -0.869005
0.496542 -0.868013
0.498277 -0.867018
0.500010 -0.866020
0.501741 -0.865018
0.503470 -0.864013
0.505197 -0.863004
0.506922 -0.861992
0.508645 -0.860977
0.510366 -0.859958
0.512085 -0.858935
0.513802 -0.857909
0.515516 -0.856880
0.517229 -0.855847
0.518940 -0.854811
0.520648 -0.853772
0.522355 -0.852729
0.524059 -0.851682
0.525762 -0.850632
0.527462 -0.849579
0.529160 -0.848523
0.530856 -0.847463
0.532550 -0.846399
0.534241 -0.845332
0.535931 -0.844262
0.537618 -0.843189
0.539304 -0.842112
0.540987 -0.841031
0.542668 -0.839948
0.544347 -0.838861
0.546023 -0.837770
0.547698 -0.836677
0.549370 -0.835580
0.551040 -0.834479
0.552708 -0.833375
0.554374 -0.832268
0.556037 -0.831158
0.557698 -0.830044
0.559357 -0.828927
0.561014 -0.827807
0.562668 -0.826683
0.564321 -0.825556
0.565971 -0.824426
0.567618 -0.823292
0.569264 -0.822155
0.570907 -0.821015
0.572548 -0.819872
0.574186 -0.818725
0.575823 -0.817575
0.577457 -0.816422
0.579088 -0.815265
0.580718 -0.814105
0.582345 -0.812942
0.583970 -0.811776
0.585592 -0.810606
0.587212 -0.809434
0.588830 -0.808258
0.590445 -0.807078
0.592058 -0.805896
0.593669 -0.804710
0.595277 -0.803521
0.596883 -0.802329
0.598486 -0.801134
0.600087 -0.799935
0.601686 -0.798733
0.603282 -0.797528
0.604876 -0.796320
0.606467 -0.795109
0.608056 -0.793894
0.609643 -0.792677
0.611227 -0.791456
0.612809 -0.790232
0.614388 -0.789004
0.615965 -0.787774
0.617539 -0.786541
0.619111 -0.785304
0.620680 -0.784064
0.622247 -0.782821
0.623812 -0.781575
0.625374 -0.780326
0.626933 -0.779074
0.628490 -0.777818
0.630044 -0.776560
0.631596 -0.775298
0.633145 -0.774033
0.634692 -0.772765
0.636237 -0.771495
0.637778 -0.770221
0.639317 -0.768943
0.640854 -0.767663
0.642388 -0.766380
0.643920 -0.765094
0.645448 -0.763804
0.646975 -0.762512
0.648498 -0.761216
0.650020 -0.759918
0.651538 -0.758616
0.653054 -0.757312
0.654567 -0.756004
0.656078 -0.754694
0.657586 -0.753380
0.659092 -0.752063
0.660594 -0.750744
0.662095 -0.749421
0.663592 -0.748095
0.665087 -0.746766
0.666579 -0.745435
0.668069 -0.744100
0.669556 -0.742763
0.671040 -0.741422
0.672521 -0.740078
0.674000 -0.738732
0.675476 -0.737382
0.676950 -0.736030
0.678420 -0.734675
0.679888 -0.733316
0.681354 -0.731955
0.682816 -0.730591
0.684276 -0.729224
0.685733 -0.727854
0.687187 -0.726481
0.688639 -0.725105
0.690088 -0.723726
0.691534 -0.722345
0.692977 -0.720960
0.694418 -0.719573
0.695855 -0.718183
0.697290 -0.716789
0.698723 -0.715393
0.700152 -0.713994
0.701579 -0.712593
0.703002 -0.711188
0.704423 -0.709781
0.705841 -0.708370
0.707257 -0.706957
0.708669 -0.705541
0.710079 -0.704123
0.711486 -0.702701
0.712890 -0.701277
0.714291 -0.699850
0.715689 -0.698420
0.717085 -0.696987
0.718477 -0.695551
0.719867 -0.694113
0.721254 -0.692672
0.722637 -0.691228
0.724018 -0.689781
0.725397 -0.688332
0.726772 -0.686880
0.728144 -0.685425
0.729514 -0.683967
0.730880 -0.682507
0.732244 -0.681044
0.733604 -0.679578
0.734962 -0.678109
0.736317 -0.676638
0.737668 -0.675164
0.739017 -0.673687
0.740363 -0.672208
0.741706 -0.670726
0.743046 -0.669241
0.744383 -0.667754
0.745717 -0.666264
0.747048 -0.664771
0.748376 -0.663275
0.749701 -0.661777
0.751023 -0.660277
0.752342 -0.658773
0.753658 -0.657267
0.754971 -0.655759
0.756281 -0.654247
0.757588 -0.652733
0.758892 -0.651217
0.760193 -0.649698
0.761491 -0.648176
0.762786 -0.646652
0.764078 -0.645125
0.765366 -0.643596
0.766652 -0.642064
0.767935 -0.640529
0.769214 -0.638992
0.770491 -0.637452
0.771764 -0.635910
0.773034 -0.634365
0.774301 -0.632818
0.775566 -0.631268
0.776827 -0.629715
0.778084 -0.628161
0.779339 -0.626603
0.780591 -0.625043
0.781839 -0.623481
0.783085 -0.621916
0.784327 -0.620348
0.785566 -0.618779
0.786802 -0.617206
0.788035 -0.615631
0.789265 -0.614054
0.790491 -0.612474
0.791715 -0.610892
0.792935 -0.609307
0.794152 -0.607720
0.795366 -0.606131
0.796576 -0.604539
0.797784 -0.602945
0.798988 -0.601348
0.800189 -0.599749
0.801387 -0.598147
0.802582 -0.596543
0.803773 -0.594937
0.804962 -0.593328
0.806147 -0.591717
0.807328 -0.590103
0.808507 -0.588488
0.809682 -0.586869
0.810854 -0.585249
0.812023 -0.583626
0.813189 -0.582001
0.814351 -0.580373
0.815510 -0.578743
0.816666 -0.577111
0.817819 -0.575477
0.818968 -0.573840
0.820114 -0.572201
0.821257 -0.570559
0.822396 -0.568916
0.823533 -0.567270
0.824666 -0.565622
0.825795 -0.563971
0.826921 -0.562318
0.828044 -0.560664
0.829164 -0.559006
0.830280 -0.557347
0.831393 -0.555685
0.832503 -0.554021
0.833610 -0.552355
0.834713 -0.550687
0.835812 -0.549016
0.836909 -0.547344
0.838002 -0.545669
0.839091 -0.543992
0.840178 -0.542312
0.841261 -0.540631
0.842340 -0.538947
0.843416 -0.537262
0.844489 -0.535574
0.845559 -0.533884
0.846625 -0.532191
0.847687 -0.530497
0.848747 -0.528801
0.849803 -0.527102
0.850855 -0.525401
0.851904 -0.523699
0.852950 -0.521994
0.853992 -0.520287
0.855031 -0.518578
0.856067 -0.516867
0.857099 -0.515154
0.858127 -0.513438
0.859152 -0.511721
0.860174 -0.510002
0.861192 -0.508280
0.862207 -0.506557
0.863219 -0.504832
0.864227 -0.503104
0.865231 -0.501375
0.866232 -0.499643
0.867230 -0.497910
0.868224 -0.496174
0.869214 -0.494437
0.870201 -0.492698
0.871185 -0.490956
0.872165 -0.489213
0.873142 -0.487467
0.874115 -0.485720
0.875085 -0.483971
0.876051 -0.482220
0.877014 -0.480467
0.877973 -0.478712
0.878929 -0.476955
0.879881 -0.475196
0.880829 -0.473435
0.881774 -0.471673
0.882716 -0.469908
0.883654 -0.468142
0.884589 -0.466374
0.885520 -0.464604
0.886447 -0.462832
0.887371 -0.461058
0.888291 -0.459282
0.889208 -0.457505
0.890121 -0.455725
0.891031 -0.453944
0.891937 -0.452161
0.892840 -0.450376
0.893738 -0.448590
0.894634 -0.446802
0.895526 -0.445011
0.896414 -0.443219
0.897299 -0.441426
0.898180 -0.439630
0.899057 -0.437833
0.899931 -0.436034
0.900801 -0.434233
0.901668 -0.432431
0.902531 -0.430627
0.903390 -0.428821
0.904246 -0.427013
0.905098 -0.425204
0.905947 -0.423393
0.906792 -0.421580
0.907633 -0.419765
0.908471 -0.417949
0.909305 -0.416132
0.910136 -0.414312
0.910962 -0.412491
0.911786 -0.410668
0.912605 -0.408844
0.913421 -0.407018
0.914233 -0.405190
0.915042 -0.403361
0.915847 -0.401530
0.916648 -0.399698
0.917445 -0.397864
0.918239 -0.396028
0.919030 -0.394191
0.919816 -0.392352
0.920599 -0.390511
0.921378 -0.388669
0.922154 -0.386826
0.922925 -0.384981
0.923694 -0.383134
0.924458 -0.381286
0.925219 -0.379436
0.925976 -0.377585
0.926729 -0.375732
0.927479 -0.373878
0.928225 -0.372022
0.928967 -0.370165
0.929705 -0.368307
0.930440 -0.366446
0.931171 -0.364585
0.931898 -0.362722
0.932622 -0.360857
0.933342 -0.358991
0.934058 -0.357124
0.934770 -0.355255
0.935479 -0.353385
0.936184 -0.351513
0.936885 -0.349640
0.937582 -0.347766
0.938276 -0.345890
0.938966 -0.344013
0.939652 -0.342134
0.940334 -0.340254
0.941013 -0.338373
0.941688 -0.336490
0.942359 -0.334606
0.943026 -0.332720
0.943690 -0.330834
0.944350 -0.328946
0.945006 -0.327056
0.945658 -0.325166
0.946306 -0.323274
0.946951 -0.321380
0.947592 -0.319486
0.948229 -0.317590
0.948862 -0.315693
0.949492 -0.313795
0.950117 -0.311895
0.950739 -0.309994
0.951357 -0.308092
0.951972 -0.306189
0.952582 -0.304284
0.953189 -0.302378
0.953792 -0.300472
0.954391 -0.298563
0.954986 -0.296654
0.955577 -0.294743
0.956165 -0.292832
0.956749 -0.290919
0.957329 -0.289005
0.957905 -0.287089
0.958477 -0.285173
0.959045 -0.283256
0.959610 -0.281337
0.960171 -0.279417
0.960728 -0.277496
